PLD_REALTIMECLOCK;NAV_RESOURCE;NAV_LONGITUDE;NAV_LATITUDE;NAV_DEPTH;AROD_FT_TEMP;AROD_FT_DO;FLBBCD_CHL_COUNT;FLBBCD_CHL_SCALED;FLBBCD_BB_700_COUNT;FLBBCD_BB_700_SCALED;FLBBCD_CDOM_COUNT;FLBBCD_CDOM_SCALED;GPCTD_CONDUCTIVITY;GPCTD_TEMPERATURE;GPCTD_PRESSURE;GPCTD_DOF;
23/07/2019 01:14:57.497;117;-13028.189;4851.605;8.656;15.754;308.63;70;0.2580;143;0.000293376;50;0.1034;4.06875;15.7602;5.91;9999.00;
23/07/2019 01:15:27.502;115;-13028.189;4851.605;6.496;15.740;307.42;55;0.0645;155;0.000330048;51;0.2068;4.06856;15.7569;4.32;9999.00;
23/07/2019 01:15:57.512;116;-13028.189;4851.605;2.768;15.767;308.43;61;0.1419;145;0.000299488;50;0.1034;4.06879;15.7660;0.81;9999.00;
23/07/2019 01:16:27.518;116;-13028.189;4851.605;3.255;15.786;307.47;62;0.1548;157;0.000336160;54;0.5170;4.06896;15.7678;1.26;9999.00;
23/07/2019 01:16:57.526;116;-13028.189;4851.605;2.747;15.783;308.79;62;0.1548;142;0.000290320;53;0.4136;4.06906;15.7701;0.37;9999.00;
23/07/2019 01:17:27.532;116;-13028.189;4851.605;2.747;15.770;308.89;62;0.1548;138;0.000278096;105;5.7904;4.06904;15.7700;0.23;9999.00;
23/07/2019 01:17:57.427;116;-13024.918;4850.641;2.768;15.769;308.80;76;0.3354;136;0.000271984;55;0.6204;4.06906;15.7757;0.22;9999.00;
23/07/2019 01:18:27.434;116;-13024.930;4850.637;2.895;15.768;308.91;61;0.1419;138;0.000278096;58;0.9306;4.06902;15.7661;1.21;9999.00;
23/07/2019 01:18:57.440;116;-13024.911;4850.643;3.191;15.793;308.57;62;0.1548;154;0.000326992;61;1.2408;4.06918;15.7688;0.85;9999.00;
23/07/2019 01:19:27.446;116;-13024.906;4850.646;2.916;15.773;308.73;66;0.2064;151;0.000317824;49;0.0000;4.06874;15.7662;1.10;9999.00;
23/07/2019 01:19:57.453;116;-13024.910;4850.645;3.107;15.771;308.98;61;0.1419;157;0.000336160;51;0.2068;4.06888;15.7676;0.64;9999.00;
23/07/2019 01:20:27.461;116;-13024.909;4850.645;2.768;15.770;309.14;59;0.1161;164;0.000357552;54;0.5170;4.06858;15.7659;0.33;9999.00;
23/07/2019 01:20:57.468;116;-13024.913;4850.644;2.980;15.760;309.03;66;0.2064;150;0.000314768;53;0.4136;4.06868;15.7623;1.46;9999.00;
23/07/2019 01:21:27.473;116;-13024.916;4850.644;2.768;15.773;308.98;60;0.1290;140;0.000284208;50;0.1034;4.06863;15.7647;0.53;9999.00;
23/07/2019 01:21:57.481;116;-13024.916;4850.644;2.747;15.769;309.20;63;0.1677;142;0.000290320;64;1.5510;4.06886;15.7687;0.10;9999.00;
23/07/2019 01:22:27.487;116;-13024.916;4850.644;2.895;15.761;309.12;65;0.1935;147;0.000305600;43;-0.6204;4.06834;15.7600;1.05;9999.00;
23/07/2019 01:22:57.494;116;-13024.917;4850.644;3.276;15.789;308.57;63;0.1677;145;0.000299488;54;0.5170;4.06880;15.7651;1.02;9999.00;
23/07/2019 01:23:27.501;116;-13024.920;4850.643;2.789;15.769;309.18;65;0.1935;147;0.000305600;47;-0.2068;4.06929;15.7712;0.91;9999.00;
23/07/2019 01:23:57.506;116;-13024.922;4850.641;2.916;15.789;308.95;62;0.1548;148;0.000308656;58;0.9306;4.06886;15.7639;1.19;9999.00;
23/07/2019 01:24:27.513;116;-13024.922;4850.642;2.958;15.777;308.97;65;0.1935;140;0.000284208;62;1.3442;4.06877;15.7643;1.04;9999.00;
23/07/2019 01:24:57.519;116;-13024.920;4850.642;3.064;15.783;308.76;66;0.2064;138;0.000278096;52;0.3102;4.06890;15.7646;1.08;9999.00;
23/07/2019 01:25:27.526;116;-13024.923;4850.642;2.937;15.773;309.29;65;0.1935;141;0.000287264;56;0.7238;4.06937;15.7706;1.12;9999.00;
23/07/2019 01:25:57.532;116;-13024.922;4850.641;3.107;15.785;308.77;66;0.2064;150;0.000314768;55;0.6204;4.06919;15.7674;0.82;9999.00;
23/07/2019 01:26:27.538;116;-13024.924;4850.641;3.128;15.787;309.10;67;0.2193;146;0.000302544;54;0.5170;4.06916;15.7623;1.56;9999.00;
23/07/2019 01:26:57.546;110;-13024.924;4850.641;5.119;15.763;308.77;65;0.1935;157;0.000336160;55;0.6204;4.06921;15.7656;3.11;9999.00;
23/07/2019 01:27:27.550;110;-13024.924;4850.641;11.304;15.667;310.34;84;0.4386;142;0.000290320;60;1.1374;4.06196;15.6762;11.98;9999.00;
23/07/2019 01:27:57.559;100;-13024.924;4850.641;17.510;15.198;317.49;106;0.7224;155;0.000330048;55;0.6204;4.03447;15.3599;20.05;9999.00;
23/07/2019 01:28:27.565;100;-13024.924;4850.641;27.867;12.060;371.43;276;2.9154;203;0.000476736;58;0.9306;3.74445;12.0793;27.13;9999.00;
23/07/2019 01:28:57.571;100;-13024.924;4850.641;31.616;11.584;366.83;289;3.0831;196;0.000455344;59;1.0340;3.70652;11.6727;32.72;9999.00;
23/07/2019 01:29:27.577;100;-13024.924;4850.641;39.727;11.224;364.40;276;2.9154;189;0.000433952;57;0.8272;3.67103;11.2860;39.33;9999.00;
23/07/2019 01:29:57.584;100;-13024.924;4850.641;43.624;10.210;355.79;201;1.9479;166;0.000363664;57;0.8272;3.59110;10.3606;45.00;9999.00;
23/07/2019 01:30:27.591;100;-13024.924;4850.641;51.608;9.737;354.72;141;1.1739;150;0.000314768;57;0.8272;3.54107;9.7966;51.51;9999.00;
23/07/2019 01:30:57.596;100;-13024.924;4850.641;55.716;8.998;349.08;103;0.6837;124;0.000235312;58;0.9306;3.47658;9.0410;57.51;9999.00;
23/07/2019 01:31:27.605;100;-13024.924;4850.641;63.848;8.606;342.12;78;0.3612;105;0.000177248;58;0.9306;3.43944;8.6346;64.10;9999.00;
23/07/2019 01:31:57.611;100;-13024.924;4850.641;68.020;8.498;340.12;82;0.4128;105;0.000177248;56;0.7238;3.42990;8.5043;69.85;9999.00;
23/07/2019 01:32:27.618;100;-13024.924;4850.641;76.087;8.106;330.05;67;0.2193;90;0.000131408;58;0.9306;3.39938;8.1123;76.57;9999.00;
23/07/2019 01:32:57.623;100;-13024.924;4850.641;80.322;7.917;324.14;63;0.1677;89;0.000128352;55;0.6204;3.38861;7.9236;82.69;9999.00;
23/07/2019 01:33:27.639;100;-13024.924;4850.641;88.792;7.759;309.52;62;0.1548;89;0.000128352;57;0.8272;3.38699;7.7619;89.46;9999.00;
23/07/2019 01:33:57.646;100;-13024.924;4850.641;92.815;7.654;296.25;61;0.1419;92;0.000137520;56;0.7238;3.38813;7.6830;95.02;9999.00;
23/07/2019 01:34:27.653;100;-13024.924;4850.641;100.480;7.630;272.06;60;0.1290;92;0.000137520;60;1.1374;3.39798;7.6232;101.25;9999.00;
23/07/2019 01:34:57.660;100;-13024.924;4850.641;104.185;7.641;250.91;57;0.0903;87;0.000122240;59;1.0340;3.41367;7.6443;106.68;9999.00;
23/07/2019 01:35:27.665;100;-13024.924;4850.641;111.785;7.632;218.70;58;0.1032;81;0.000103904;55;0.6204;3.43249;7.6334;112.63;9999.00;
23/07/2019 01:35:57.679;100;-13024.924;4850.641;115.152;7.639;199.17;56;0.0774;88;0.000125296;60;1.1374;3.44340;7.6419;117.45;9999.00;
23/07/2019 01:36:27.684;100;-13024.924;4850.641;121.672;7.636;185.32;52;0.0258;85;0.000116128;60;1.1374;3.44952;7.6398;122.80;9999.00;
23/07/2019 01:36:57.692;100;-13024.924;4850.641;125.081;7.633;152.53;57;0.0903;86;0.000119184;60;1.1374;3.46630;7.6371;127.41;9999.00;
23/07/2019 01:37:27.697;100;-13024.924;4850.641;131.326;7.625;137.21;55;0.0645;89;0.000128352;60;1.1374;3.47505;7.6283;132.44;9999.00;
23/07/2019 01:37:57.703;100;-13024.924;4850.641;134.226;7.615;132.22;52;0.0258;88;0.000125296;61;1.2408;3.47653;7.6222;136.56;9999.00;
23/07/2019 01:38:27.710;100;-13024.924;4850.641;140.005;7.589;121.80;52;0.0258;88;0.000125296;61;1.2408;3.47925;7.5922;141.26;9999.00;
23/07/2019 01:38:57.717;100;-13024.924;4850.641;142.821;7.558;115.58;54;0.0516;87;0.000122240;60;1.1374;3.47980;7.5624;145.37;9999.00;
23/07/2019 01:39:27.723;100;-13024.924;4850.641;148.663;7.510;112.17;54;0.0516;87;0.000122240;58;0.9306;3.47911;7.5205;150.08;9999.00;
23/07/2019 01:39:57.730;100;-13024.924;4850.641;151.436;7.471;101.48;53;0.0387;90;0.000131408;62;1.3442;3.47748;7.4850;154.08;9999.00;
23/07/2019 01:40:27.736;100;-13024.924;4850.641;157.215;7.462;101.01;52;0.0258;86;0.000119184;61;1.2408;3.47658;7.4665;158.80;9999.00;
23/07/2019 01:40:57.743;100;-13024.924;4850.641;160.072;7.457;99.81;53;0.0387;87;0.000122240;60;1.1374;3.47656;7.4638;162.97;9999.00;
23/07/2019 01:41:27.750;100;-13024.924;4850.641;166.020;7.441;97.42;53;0.0387;89;0.000128352;63;1.4476;3.47576;7.4456;167.87;9999.00;
23/07/2019 01:41:57.757;100;-13024.924;4850.641;169.132;7.418;95.28;53;0.0387;87;0.000122240;60;1.1374;3.47490;7.4289;172.14;9999.00;
23/07/2019 01:42:27.763;100;-13024.924;4850.641;175.100;7.364;91.19;55;0.0645;81;0.000103904;62;1.3442;3.47123;7.3691;176.99;9999.00;
23/07/2019 01:42:57.770;100;-13024.924;4850.641;178.021;7.350;89.74;54;0.0516;85;0.000116128;63;1.4476;3.47043;7.3557;181.09;9999.00;
23/07/2019 01:43:27.779;100;-13024.924;4850.641;183.715;7.303;86.37;50;0.0000;86;0.000119184;62;1.3442;3.46724;7.3077;185.65;9999.00;
23/07/2019 01:43:57.785;100;-13024.924;4850.641;186.402;7.291;85.51;53;0.0387;85;0.000116128;61;1.2408;3.46647;7.2968;189.50;9999.00;
23/07/2019 01:44:27.795;100;-13024.924;4850.641;191.630;7.260;84.02;54;0.0516;86;0.000119184;63;1.4476;3.46408;7.2638;193.71;9999.00;
23/07/2019 01:44:57.800;100;-13024.924;4850.641;194.233;7.233;83.33;54;0.0516;87;0.000122240;61;1.2408;3.46233;7.2397;197.27;9999.00;
23/07/2019 01:45:27.806;100;-13024.924;4850.641;199.058;7.217;82.71;53;0.0387;93;0.000140576;62;1.3442;3.46111;7.2230;201.27;9999.00;
23/07/2019 01:45:57.812;100;-13024.924;4850.641;201.535;7.197;81.84;54;0.0516;86;0.000119184;63;1.4476;3.46005;7.2074;204.77;9999.00;
23/07/2019 01:46:27.818;100;-13024.924;4850.641;206.423;7.165;76.81;53;0.0387;86;0.000119184;62;1.3442;3.45759;7.1714;208.72;9999.00;
23/07/2019 01:46:57.825;100;-13024.924;4850.641;208.836;7.129;70.85;51;0.0129;86;0.000119184;60;1.1374;3.45507;7.1337;212.14;9999.00;
23/07/2019 01:47:27.842;100;-13024.924;4850.641;213.576;7.101;69.51;52;0.0258;81;0.000103904;61;1.2408;3.45378;7.1162;216.09;9999.00;
23/07/2019 01:47:57.848;100;-13024.924;4850.641;216.115;7.061;67.43;53;0.0387;88;0.000125296;61;1.2408;3.45015;7.0686;219.55;9999.00;
23/07/2019 01:48:27.855;100;-13024.924;4850.641;220.982;7.037;66.38;55;0.0645;84;0.000113072;60;1.1374;3.44800;7.0409;223.58;9999.00;
23/07/2019 01:48:57.861;100;-13024.924;4850.641;223.564;6.995;64.64;51;0.0129;84;0.000113072;60;1.1374;3.44490;7.0006;227.11;9999.00;
23/07/2019 01:49:27.868;100;-13024.924;4850.641;228.516;6.985;64.71;52;0.0258;88;0.000125296;61;1.2408;3.44408;6.9901;231.20;9999.00;
23/07/2019 01:49:57.875;100;-13024.924;4850.641;230.970;6.971;64.81;54;0.0516;86;0.000119184;62;1.3442;3.44384;6.9857;234.76;9999.00;
23/07/2019 01:50:27.882;100;-13024.924;4850.641;236.027;6.928;63.00;57;0.0903;94;0.000143632;62;1.3442;3.43970;6.9321;238.74;9999.00;
23/07/2019 01:50:57.890;100;-13024.924;4850.641;238.461;6.895;62.47;55;0.0645;87;0.000122240;61;1.2408;3.43780;6.9073;242.21;9999.00;
23/07/2019 01:51:27.897;100;-13024.924;4850.641;243.327;6.889;62.41;53;0.0387;84;0.000113072;63;1.4476;3.43679;6.8939;246.18;9999.00;
23/07/2019 01:51:57.901;100;-13024.924;4850.641;245.676;6.882;62.44;54;0.0516;86;0.000119184;61;1.2408;3.43640;6.8877;249.67;9999.00;
23/07/2019 01:52:27.909;100;-13024.924;4850.641;250.627;6.868;62.51;53;0.0387;84;0.000113072;63;1.4476;3.43523;6.8724;253.66;9999.00;
23/07/2019 01:52:57.915;100;-13024.924;4850.641;253.018;6.850;62.60;54;0.0516;86;0.000119184;63;1.4476;3.43436;6.8604;257.15;9999.00;
23/07/2019 01:53:27.923;100;-13024.924;4850.641;258.011;6.804;62.44;52;0.0258;88;0.000125296;62;1.3442;3.43046;6.8102;261.11;9999.00;
23/07/2019 01:53:57.930;100;-13024.924;4850.641;260.360;6.785;62.55;52;0.0258;88;0.000125296;61;1.2408;3.42893;6.7909;264.62;9999.00;
23/07/2019 01:54:27.935;100;-13024.924;4850.641;265.459;6.766;62.45;51;0.0129;90;0.000131408;61;1.2408;3.42738;6.7706;268.69;9999.00;
23/07/2019 01:54:57.942;100;-13024.924;4850.641;267.871;6.757;62.52;51;0.0129;87;0.000122240;62;1.3442;3.42666;6.7609;272.24;9999.00;
23/07/2019 01:55:27.948;100;-13024.924;4850.641;272.821;6.737;63.12;53;0.0387;100;0.000161968;63;1.4476;3.42534;6.7437;276.27;9999.00;
23/07/2019 01:55:57.955;100;-13024.924;4850.641;275.318;6.718;63.07;56;0.0774;86;0.000119184;61;1.2408;3.42412;6.7274;279.80;9999.00;
23/07/2019 01:56:27.962;100;-13024.924;4850.641;280.310;6.708;62.47;53;0.0387;93;0.000140576;64;1.5510;3.42328;6.7149;283.84;9999.00;
23/07/2019 01:56:57.969;100;-13024.924;4850.641;282.743;6.687;61.89;55;0.0645;91;0.000134464;60;1.1374;3.42184;6.6947;287.33;9999.00;
23/07/2019 01:57:27.973;100;-13024.924;4850.641;287.693;6.676;61.78;52;0.0258;90;0.000131408;61;1.2408;3.42105;6.6836;291.31;9999.00;
23/07/2019 01:57:57.981;100;-13024.924;4850.641;290.063;6.664;61.73;53;0.0387;87;0.000122240;62;1.3442;3.42005;6.6697;294.83;9999.00;
23/07/2019 01:58:27.988;100;-13024.924;4850.641;295.034;6.657;61.73;52;0.0258;87;0.000122240;61;1.2408;3.41954;6.6618;298.83;9999.00;
23/07/2019 01:58:58.005;100;-13024.924;4850.641;297.509;6.631;61.83;52;0.0258;88;0.000125296;63;1.4476;3.41750;6.6352;302.34;9999.00;
23/07/2019 01:59:28.009;100;-13024.924;4850.641;302.417;6.612;61.83;53;0.0387;88;0.000125296;62;1.3442;3.41605;6.6154;306.33;9999.00;
23/07/2019 01:59:58.017;100;-13024.924;4850.641;304.892;6.594;61.78;52;0.0258;89;0.000128352;61;1.2408;3.41476;6.5987;309.84;9999.00;
23/07/2019 02:00:28.024;100;-13024.924;4850.641;309.799;6.569;61.61;55;0.0645;90;0.000131408;63;1.4476;3.41312;6.5769;313.87;9999.00;
23/07/2019 02:00:58.030;100;-13024.924;4850.641;312.337;6.531;61.56;54;0.0516;86;0.000119184;62;1.3442;3.40977;6.5341;317.37;9999.00;
23/07/2019 02:01:28.038;100;-13024.924;4850.641;317.224;6.515;61.52;55;0.0645;94;0.000143632;61;1.2408;3.40859;6.5186;321.33;9999.00;
23/07/2019 02:01:58.043;100;-13024.924;4850.641;319.571;6.501;61.50;53;0.0387;87;0.000122240;64;1.5510;3.40769;6.5067;324.79;9999.00;
23/07/2019 02:02:28.051;100;-13024.924;4850.641;324.479;6.486;61.37;54;0.0516;86;0.000119184;62;1.3442;3.40661;6.4917;328.75;9999.00;
23/07/2019 02:02:58.056;100;-13024.924;4850.641;326.890;6.465;61.21;53;0.0387;87;0.000122240;65;1.6544;3.40536;6.4746;332.21;9999.00;
23/07/2019 02:03:28.065;100;-13024.924;4850.641;331.776;6.448;60.99;51;0.0129;83;0.000110016;63;1.4476;3.40372;6.4531;336.16;9999.00;
23/07/2019 02:03:58.070;100;-13024.924;4850.641;334.250;6.434;60.90;52;0.0258;82;0.000106960;62;1.3442;3.40291;6.4419;339.57;9999.00;
23/07/2019 02:04:28.077;100;-13024.924;4850.641;338.988;6.412;60.72;52;0.0258;87;0.000122240;62;1.3442;3.40138;6.4216;343.45;9999.00;
23/07/2019 02:04:58.082;100;-13024.924;4850.641;341.293;6.384;60.42;50;0.0000;82;0.000106960;62;1.3442;3.39921;6.3941;346.79;9999.00;
23/07/2019 02:05:28.094;100;-13024.924;4850.641;345.946;6.355;60.07;55;0.0645;86;0.000119184;61;1.2408;3.39664;6.3609;350.54;9999.00;
23/07/2019 02:05:58.101;100;-13024.924;4850.641;348.294;6.318;59.94;53;0.0387;84;0.000113072;62;1.3442;3.39351;6.3218;353.82;9999.00;
23/07/2019 02:06:28.108;100;-13024.924;4850.641;352.883;6.296;59.70;55;0.0645;84;0.000113072;60;1.1374;3.39198;6.3021;357.59;9999.00;
23/07/2019 02:06:58.124;100;-13024.924;4850.641;355.125;6.287;59.38;54;0.0516;83;0.000110016;63;1.4476;3.39116;6.2906;360.86;9999.00;
23/07/2019 02:07:28.137;100;-13024.924;4850.641;359.756;6.255;59.03;53;0.0387;84;0.000113072;60;1.1374;3.38873;6.2599;364.59;9999.00;
23/07/2019 02:07:58.141;100;-13024.924;4850.641;361.977;6.245;58.93;52;0.0258;84;0.000113072;63;1.4476;3.38803;6.2513;367.86;9999.00;
23/07/2019 02:08:28.148;100;-13024.924;4850.641;366.608;6.225;58.82;53;0.0387;83;0.000110016;63;1.4476;3.38680;6.2346;371.59;9999.00;
23/07/2019 02:08:58.155;100;-13024.924;4850.641;368.913;6.195;58.44;52;0.0258;111;0.000195584;62;1.3442;3.38424;6.2021;374.80;9999.00;
23/07/2019 02:09:28.162;100;-13024.924;4850.641;373.396;6.177;58.09;52;0.0258;86;0.000119184;63;1.4476;3.38263;6.1813;378.44;9999.00;
23/07/2019 02:09:58.170;100;-13024.924;4850.641;375.616;6.157;57.87;52;0.0258;84;0.000113072;61;1.2408;3.38164;6.1681;381.64;9999.00;
23/07/2019 02:10:28.175;100;-13024.924;4850.641;380.121;6.137;58.08;52;0.0258;83;0.000110016;62;1.3442;3.37928;6.1410;385.33;9999.00;
23/07/2019 02:10:58.181;100;-13024.924;4850.641;382.489;6.130;58.09;51;0.0129;79;0.000097792;61;1.2408;3.37876;6.1339;388.57;9999.00;
23/07/2019 02:11:28.188;100;-13024.924;4850.641;386.993;6.107;57.76;52;0.0258;81;0.000103904;63;1.4476;3.37708;6.1118;392.28;9999.00;
23/07/2019 02:11:58.196;100;-13024.924;4850.641;389.255;6.070;57.83;56;0.0774;85;0.000116128;61;1.2408;3.37474;6.0841;395.51;9999.00;
23/07/2019 02:12:28.201;100;-13024.924;4850.641;393.823;6.040;56.87;52;0.0258;81;0.000103904;64;1.5510;3.37178;6.0452;399.19;9999.00;
23/07/2019 02:12:58.208;100;-13024.924;4850.641;396.043;6.025;56.34;53;0.0387;83;0.000110016;60;1.1374;3.37061;6.0299;402.42;9999.00;
23/07/2019 02:13:28.216;100;-13024.924;4850.641;400.547;6.007;55.99;52;0.0258;85;0.000116128;63;1.4476;3.36928;6.0119;406.11;9999.00;
23/07/2019 02:13:58.220;100;-13024.924;4850.641;402.830;5.984;55.18;52;0.0258;81;0.000103904;62;1.3442;3.36825;5.9971;409.31;9999.00;
23/07/2019 02:14:28.228;100;-13024.924;4850.641;407.334;5.970;54.84;53;0.0387;82;0.000106960;63;1.4476;3.36670;5.9774;412.98;9999.00;
23/07/2019 02:14:58.234;100;-13024.924;4850.641;409.490;5.946;54.45;54;0.0516;80;0.000100848;61;1.2408;3.36476;5.9525;416.17;9999.00;
23/07/2019 02:15:28.245;100;-13024.924;4850.641;414.078;5.878;54.58;52;0.0258;81;0.000103904;62;1.3442;3.35863;5.8818;419.82;9999.00;
23/07/2019 02:15:58.250;100;-13024.924;4850.641;416.298;5.863;54.46;54;0.0516;84;0.000113072;62;1.3442;3.35727;5.8664;422.99;9999.00;
23/07/2019 02:16:28.258;100;-13024.924;4850.641;420.696;5.853;53.69;56;0.0774;81;0.000103904;62;1.3442;3.35689;5.8588;426.60;9999.00;
23/07/2019 02:16:58.265;100;-13024.924;4850.641;422.916;5.843;53.21;53;0.0387;81;0.000103904;62;1.3442;3.35602;5.8466;429.74;9999.00;
23/07/2019 02:17:28.273;100;-13024.924;4850.641;427.292;5.839;53.07;51;0.0129;83;0.000110016;62;1.3442;3.35603;5.8450;433.32;9999.00;
23/07/2019 02:17:58.280;100;-13024.924;4850.641;429.491;5.826;52.65;56;0.0774;81;0.000103904;61;1.2408;3.35526;5.8336;436.47;9999.00;
23/07/2019 02:18:28.286;100;-13024.924;4850.641;433.952;5.816;52.31;52;0.0258;81;0.000103904;62;1.3442;3.35447;5.8225;440.14;9999.00;
23/07/2019 02:18:58.293;100;-13024.924;4850.641;436.298;5.809;51.79;53;0.0387;79;0.000097792;62;1.3442;3.35405;5.8147;443.37;9999.00;
23/07/2019 02:19:28.300;100;-13024.924;4850.641;440.822;5.801;50.94;53;0.0387;81;0.000103904;63;1.4476;3.35380;5.8080;447.12;9999.00;
23/07/2019 02:19:58.307;100;-13024.924;4850.641;443.169;5.776;50.37;52;0.0258;80;0.000100848;62;1.3442;3.35199;5.7841;450.37;9999.00;
23/07/2019 02:20:28.315;100;-13024.924;4850.641;447.651;5.766;50.00;52;0.0258;78;0.000094736;62;1.3442;3.35110;5.7714;454.07;9999.00;
23/07/2019 02:20:58.322;100;-13024.924;4850.641;449.997;5.736;49.52;54;0.0516;79;0.000097792;61;1.2408;3.34883;5.7435;457.33;9999.00;
23/07/2019 02:21:28.328;100;-13024.924;4850.641;454.542;5.726;49.40;50;0.0000;79;0.000097792;61;1.2408;3.34791;5.7313;461.10;9999.00;
23/07/2019 02:21:58.334;100;-13024.924;4850.641;456.973;5.693;48.75;51;0.0129;80;0.000100848;62;1.3442;3.34563;5.7017;464.42;9999.00;
23/07/2019 02:22:28.342;100;-13024.924;4850.641;461.687;5.683;48.40;52;0.0258;80;0.000100848;64;1.5510;3.34471;5.6887;468.27;9999.00;
23/07/2019 02:22:58.349;100;-13024.924;4850.641;464.097;5.669;47.87;54;0.0516;80;0.000100848;65;1.6544;3.34375;5.6754;471.65;9999.00;
23/07/2019 02:23:28.360;100;-13024.924;4850.641;468.747;5.657;47.33;54;0.0516;81;0.000103904;61;1.2408;3.34284;5.6617;475.57;9999.00;
23/07/2019 02:23:58.368;100;-13024.924;4850.641;471.199;5.645;47.10;53;0.0387;80;0.000100848;62;1.3442;3.34219;5.6521;478.93;9999.00;
23/07/2019 02:24:28.374;100;-13024.924;4850.641;475.828;5.639;46.94;52;0.0258;81;0.000103904;61;1.2408;3.34156;5.6436;482.74;9999.00;
23/07/2019 02:24:58.381;100;-13024.924;4850.641;478.237;5.636;46.92;53;0.0387;79;0.000097792;59;1.0340;3.34141;5.6408;486.03;9999.00;
23/07/2019 02:25:28.388;100;-13024.924;4850.641;482.845;5.613;46.96;55;0.0645;78;0.000094736;62;1.3442;3.33950;5.6172;489.84;9999.00;
23/07/2019 02:25:58.395;100;-13024.924;4850.641;485.086;5.600;46.95;53;0.0387;81;0.000103904;61;1.2408;3.33873;5.6075;493.03;9999.00;
23/07/2019 02:26:28.401;100;-13024.924;4850.641;489.651;5.541;47.65;53;0.0387;82;0.000106960;62;1.3442;3.33353;5.5491;496.70;9999.00;
23/07/2019 02:26:58.407;100;-13024.924;4850.641;491.828;5.517;48.23;54;0.0516;80;0.000100848;63;1.4476;3.33116;5.5236;499.89;9999.00;
23/07/2019 02:27:28.416;100;-13024.924;4850.641;496.287;5.507;47.41;55;0.0645;78;0.000094736;61;1.2408;3.33067;5.5144;503.47;9999.00;
23/07/2019 02:27:58.422;100;-13024.924;4850.641;498.401;5.455;46.25;53;0.0387;82;0.000106960;62;1.3442;3.32650;5.4607;506.57;9999.00;
23/07/2019 02:28:28.429;100;-13024.924;4850.641;502.733;5.441;45.02;53;0.0387;79;0.000097792;62;1.3442;3.32543;5.4451;510.04;9999.00;
23/07/2019 02:28:58.438;100;-13024.924;4850.641;504.931;5.425;44.28;52;0.0258;81;0.000103904;63;1.4476;3.32439;5.4296;513.05;9999.00;
23/07/2019 02:29:28.445;100;-13024.924;4850.641;509.031;5.412;44.13;54;0.0516;79;0.000097792;61;1.2408;3.32361;5.4200;516.49;9999.00;
23/07/2019 02:29:58.453;100;-13024.924;4850.641;511.145;5.382;42.37;52;0.0258;79;0.000097792;62;1.3442;3.32141;5.3875;519.52;9999.00;
23/07/2019 02:30:28.460;100;-13024.924;4850.641;515.498;5.378;41.86;55;0.0645;82;0.000106960;64;1.5510;3.32119;5.3826;523.00;9999.00;
23/07/2019 02:30:58.467;100;-13024.924;4850.641;517.633;5.364;41.65;55;0.0645;78;0.000094736;65;1.6544;3.32037;5.3712;526.03;9999.00;
23/07/2019 02:31:28.471;100;-13024.924;4850.641;521.796;5.335;41.19;53;0.0387;175;0.000391168;60;1.1374;3.31775;5.3385;529.44;9999.00;
23/07/2019 02:31:58.479;100;-13024.924;4850.641;523.867;5.328;41.12;56;0.0774;81;0.000103904;62;1.3442;3.31730;5.3328;532.40;9999.00;
23/07/2019 02:32:28.485;100;-13024.924;4850.641;528.030;5.317;40.81;54;0.0516;79;0.000097792;64;1.5510;3.31652;5.3215;535.76;9999.00;
23/07/2019 02:32:58.492;100;-13024.924;4850.641;530.101;5.264;39.89;52;0.0258;82;0.000106960;65;1.6544;3.31335;5.2807;538.71;9999.00;
23/07/2019 02:33:28.497;100;-13024.924;4850.641;534.116;5.218;39.15;51;0.0129;82;0.000106960;62;1.3442;3.30848;5.2215;542.04;9999.00;
23/07/2019 02:33:58.503;100;-13024.924;4850.641;536.123;5.188;38.68;53;0.0387;81;0.000103904;63;1.4476;3.30642;5.1962;544.96;9999.00;
23/07/2019 02:34:28.509;100;-13024.924;4850.641;540.413;5.176;38.10;52;0.0258;78;0.000094736;63;1.4476;3.30536;5.1817;548.30;9999.00;
23/07/2019 02:34:58.516;100;-13024.924;4850.641;542.399;5.161;37.97;55;0.0645;80;0.000100848;61;1.2408;3.30433;5.1684;551.24;9999.00;
23/07/2019 02:35:28.523;100;-13024.924;4850.641;546.519;5.147;37.81;53;0.0387;79;0.000097792;63;1.4476;3.30344;5.1569;554.61;9999.00;
23/07/2019 02:35:58.529;100;-13024.924;4850.641;548.654;5.102;35.82;51;0.0129;77;0.000091680;64;1.5510;3.29976;5.1061;557.55;9999.00;
23/07/2019 02:36:28.536;100;-13024.924;4850.641;552.647;5.090;35.58;54;0.0516;81;0.000103904;65;1.6544;3.29902;5.0955;560.90;9999.00;
23/07/2019 02:36:58.543;100;-13024.924;4850.641;554.760;5.080;35.04;55;0.0645;77;0.000091680;62;1.3442;3.29825;5.0847;563.85;9999.00;
23/07/2019 02:37:28.559;100;-13024.924;4850.641;558.859;5.068;34.59;52;0.0258;80;0.000100848;64;1.5510;3.29747;5.0728;567.23;9999.00;
23/07/2019 02:37:58.565;100;-13024.924;4850.641;560.972;5.056;34.11;54;0.0516;78;0.000094736;62;1.3442;3.29679;5.0619;570.17;9999.00;
23/07/2019 02:38:28.572;100;-13024.924;4850.641;565.134;5.045;33.26;54;0.0516;80;0.000100848;63;1.4476;3.29627;5.0508;573.57;9999.00;
23/07/2019 02:38:58.579;100;-13024.924;4850.641;567.268;5.041;32.69;55;0.0645;80;0.000100848;60;1.1374;3.29613;5.0475;576.59;9999.00;
23/07/2019 02:39:28.586;100;-13024.924;4850.641;571.494;5.038;32.21;54;0.0516;79;0.000097792;63;1.4476;3.29604;5.0432;580.05;9999.00;
23/07/2019 02:39:58.592;100;-13024.924;4850.641;573.607;5.028;31.92;53;0.0387;76;0.000088624;62;1.3442;3.29547;5.0338;583.03;9999.00;
23/07/2019 02:40:28.598;100;-13024.924;4850.641;577.790;4.996;30.96;55;0.0645;79;0.000097792;63;1.4476;3.29350;5.0052;586.47;9999.00;
23/07/2019 02:40:58.607;100;-13024.924;4850.641;579.839;4.978;29.90;53;0.0387;78;0.000094736;62;1.3442;3.29202;4.9828;589.44;9999.00;
23/07/2019 02:41:28.618;100;-13024.924;4850.641;584.065;4.969;29.67;55;0.0645;77;0.000091680;60;1.1374;3.29180;4.9791;592.87;9999.00;
23/07/2019 02:41:58.625;100;-13024.924;4850.641;586.177;4.952;29.30;53;0.0387;80;0.000100848;60;1.1374;3.29006;4.9561;595.92;9999.00;
23/07/2019 02:42:28.630;100;-13024.924;4850.641;590.508;4.910;29.18;54;0.0516;82;0.000106960;64;1.5510;3.28685;4.9164;599.48;9999.00;
23/07/2019 02:42:58.637;100;-13024.924;4850.641;592.769;4.893;28.57;52;0.0258;77;0.000091680;63;1.4476;3.28574;4.9016;602.56;9999.00;
23/07/2019 02:43:28.648;100;-13024.924;4850.641;596.973;4.877;27.15;54;0.0516;78;0.000094736;62;1.3442;3.28460;4.8815;606.03;9999.00;
23/07/2019 02:43:58.654;100;-13024.924;4850.641;599.148;4.850;26.21;52;0.0258;80;0.000100848;62;1.3442;3.28300;4.8574;609.06;9999.00;
23/07/2019 02:44:28.662;100;-13024.924;4850.641;603.395;4.849;26.04;52;0.0258;78;0.000094736;61;1.2408;3.28275;4.8534;612.54;9999.00;
23/07/2019 02:44:58.668;100;-13024.924;4850.641;605.528;4.845;26.00;50;0.0000;81;0.000103904;64;1.5510;3.28261;4.8503;615.64;9999.00;
23/07/2019 02:45:28.686;100;-13024.924;4850.641;609.964;4.844;25.94;52;0.0258;77;0.000091680;63;1.4476;3.28259;4.8484;619.19;9999.00;
23/07/2019 02:45:58.694;100;-13024.924;4850.641;612.161;4.833;25.40;53;0.0387;79;0.000097792;63;1.4476;3.28264;4.8461;622.29;9999.00;
23/07/2019 02:46:28.700;100;-13024.924;4850.641;616.576;4.798;23.90;54;0.0516;79;0.000097792;61;1.2408;3.27993;4.8041;625.88;9999.00;
23/07/2019 02:46:58.707;100;-13024.924;4850.641;618.709;4.790;23.36;55;0.0645;79;0.000097792;63;1.4476;3.27986;4.8007;628.99;9999.00;
23/07/2019 02:47:28.715;100;-13024.924;4850.641;622.955;4.758;22.83;57;0.0903;77;0.000091680;61;1.2408;3.27716;4.7663;632.46;9999.00;
23/07/2019 02:47:58.721;100;-13024.924;4850.641;625.110;4.741;22.78;53;0.0387;79;0.000097792;63;1.4476;3.27638;4.7563;635.46;9999.00;
23/07/2019 02:48:28.727;100;-13024.924;4850.641;629.250;4.723;22.28;58;0.1032;75;0.000085568;64;1.5510;3.27435;4.7294;638.85;9999.00;
23/07/2019 02:48:58.734;100;-13024.924;4850.641;631.383;4.695;21.43;55;0.0645;78;0.000094736;62;1.3442;3.27257;4.7026;641.83;9999.00;
23/07/2019 02:49:28.742;100;-13024.924;4850.641;635.417;4.682;20.77;53;0.0387;78;0.000094736;61;1.2408;3.27157;4.6875;645.18;9999.00;
23/07/2019 02:49:58.749;100;-13024.924;4850.641;637.508;4.668;20.29;51;0.0129;81;0.000103904;67;1.8612;3.27063;4.6716;648.13;9999.00;
23/07/2019 02:50:28.756;100;-13024.924;4850.641;641.669;4.665;19.45;54;0.0516;75;0.000085568;64;1.5510;3.27090;4.6696;651.47;9999.00;
23/07/2019 02:50:58.762;100;-13024.924;4850.641;643.739;4.663;19.22;53;0.0387;75;0.000085568;62;1.3442;3.27087;4.6671;654.37;9999.00;
23/07/2019 02:51:28.767;100;-13024.924;4850.641;647.752;4.653;18.85;53;0.0387;79;0.000097792;63;1.4476;3.27069;4.6612;657.70;9999.00;
23/07/2019 02:51:58.776;100;-13024.924;4850.641;649.864;4.649;18.58;55;0.0645;79;0.000097792;63;1.4476;3.27039;4.6555;660.65;9999.00;
23/07/2019 02:52:28.781;100;-13024.924;4850.641;653.982;4.647;18.49;53;0.0387;78;0.000094736;62;1.3442;3.27031;4.6528;664.01;9999.00;
23/07/2019 02:52:58.788;100;-13024.924;4850.641;655.968;4.638;18.13;53;0.0387;78;0.000094736;63;1.4476;3.26990;4.6445;666.92;9999.00;
23/07/2019 02:53:28.795;100;-13024.924;4850.641;660.128;4.628;17.58;53;0.0387;82;0.000106960;61;1.2408;3.26949;4.6346;670.24;9999.00;
23/07/2019 02:53:58.802;100;-13024.924;4850.641;662.198;4.625;17.34;54;0.0516;77;0.000091680;61;1.2408;3.26931;4.6307;673.17;9999.00;
23/07/2019 02:54:28.808;100;-13024.924;4850.641;666.295;4.609;17.12;50;0.0000;76;0.000088624;63;1.4476;3.26848;4.6166;676.48;9999.00;
23/07/2019 02:54:58.815;100;-13024.924;4850.641;668.175;4.580;16.04;54;0.0516;80;0.000100848;63;1.4476;3.26664;4.5878;679.33;9999.00;
23/07/2019 02:55:28.821;100;-13024.924;4850.641;672.229;4.557;15.26;55;0.0645;80;0.000100848;65;1.6544;3.26510;4.5638;682.55;9999.00;
23/07/2019 02:55:58.827;100;-13024.924;4850.641;674.172;4.526;15.13;52;0.0258;81;0.000103904;64;1.5510;3.26287;4.5358;685.35;9999.00;
23/07/2019 02:56:28.835;100;-13024.924;4850.641;678.079;4.488;15.15;53;0.0387;77;0.000091680;62;1.3442;3.25924;4.4930;688.56;9999.00;
23/07/2019 02:56:58.852;100;-13024.924;4850.641;680.085;4.468;15.25;52;0.0258;86;0.000119184;62;1.3442;3.25783;4.4765;691.37;9999.00;
23/07/2019 02:57:28.857;100;-13024.924;4850.641;684.013;4.451;15.28;53;0.0387;79;0.000097792;63;1.4476;3.25631;4.4584;694.55;9999.00;
23/07/2019 02:57:58.864;100;-13024.924;4850.641;685.935;4.439;14.99;52;0.0258;75;0.000085568;64;1.5510;3.25528;4.4430;697.31;9999.00;
23/07/2019 02:58:28.870;100;-13024.924;4850.641;689.799;4.436;14.84;51;0.0129;78;0.000094736;60;1.1374;3.25524;4.4414;700.39;9999.00;
23/07/2019 02:58:58.877;100;-13024.924;4850.641;691.615;4.423;14.45;54;0.0516;77;0.000091680;64;1.5510;3.25464;4.4295;703.05;9999.00;
23/07/2019 02:59:28.882;100;-13024.924;4850.641;695.289;4.408;13.63;54;0.0516;75;0.000085568;63;1.4476;3.25396;4.4144;706.06;9999.00;
23/07/2019 02:59:58.898;100;-13024.924;4850.641;697.169;4.392;13.41;55;0.0645;78;0.000094736;66;1.7578;3.25363;4.4080;708.71;9999.00;
23/07/2019 03:00:28.906;100;-13024.924;4850.641;700.906;4.343;14.18;52;0.0258;78;0.000094736;61;1.2408;3.24810;4.3468;711.73;9999.00;
23/07/2019 03:00:58.914;118;-13024.924;4850.641;699.892;4.347;14.29;54;0.0516;79;0.000097792;63;1.4476;3.24791;4.3474;710.14;9999.00;
23/07/2019 03:01:28.921;118;-13024.924;4850.641;694.381;4.408;13.46;54;0.0516;86;0.000119184;63;1.4476;3.25360;4.4142;704.97;9999.00;
23/07/2019 03:01:58.920;117;-13024.924;4850.641;689.377;4.434;14.61;54;0.0516;78;0.000094736;62;1.3442;3.25468;4.4388;697.85;9999.00;
23/07/2019 03:02:28.933;117;-13024.924;4850.641;683.485;4.479;15.37;53;0.0387;76;0.000088624;61;1.2408;3.25655;4.4692;689.04;9999.00;
23/07/2019 03:02:58.939;117;-13024.924;4850.641;672.778;4.571;15.42;56;0.0774;78;0.000094736;62;1.3442;3.26438;4.5639;681.44;9999.00;
23/07/2019 03:03:28.946;117;-13024.924;4850.641;667.224;4.613;16.67;53;0.0387;80;0.000100848;64;1.5510;3.26775;4.6156;672.37;9999.00;
23/07/2019 03:03:58.953;117;-13024.924;4850.641;656.094;4.637;17.75;53;0.0387;79;0.000097792;63;1.4476;3.26944;4.6425;664.47;9999.00;
23/07/2019 03:04:28.960;117;-13024.924;4850.641;650.751;4.658;18.55;53;0.0387;76;0.000088624;62;1.3442;3.27044;4.6639;655.70;9999.00;
23/07/2019 03:04:58.967;117;-13024.924;4850.641;639.937;4.682;19.65;56;0.0774;77;0.000091680;62;1.3442;3.27122;4.6801;648.07;9999.00;
23/07/2019 03:05:28.973;117;-13024.924;4850.641;634.551;4.703;21.01;55;0.0645;79;0.000097792;65;1.6544;3.27224;4.7039;639.25;9999.00;
23/07/2019 03:05:58.980;117;-13024.924;4850.641;623.716;4.775;22.84;55;0.0645;79;0.000097792;65;1.6544;3.27620;4.7621;631.51;9999.00;
23/07/2019 03:06:28.988;117;-13024.924;4850.641;618.477;4.811;23.59;51;0.0129;80;0.000100848;63;1.4476;3.28025;4.8169;622.99;9999.00;
23/07/2019 03:06:58.993;117;-13024.924;4850.641;608.211;4.847;26.01;54;0.0516;77;0.000091680;62;1.3442;3.28237;4.8526;615.76;9999.00;
23/07/2019 03:07:29.001;117;-13024.924;4850.641;603.226;4.873;26.49;52;0.0258;79;0.000097792;63;1.4476;3.28367;4.8727;607.71;9999.00;
23/07/2019 03:07:59.006;117;-13024.924;4850.641;593.402;4.905;28.38;56;0.0774;76;0.000088624;62;1.3442;3.28485;4.8964;600.68;9999.00;
23/07/2019 03:08:29.015;117;-13024.924;4850.641;588.374;4.967;29.33;52;0.0258;80;0.000100848;64;1.5510;3.29067;4.9714;592.56;9999.00;
23/07/2019 03:08:59.022;117;-13024.924;4850.641;578.529;5.009;31.21;52;0.0258;83;0.000110016;61;1.2408;3.29347;5.0143;585.56;9999.00;
23/07/2019 03:09:29.029;117;-13024.924;4850.641;573.649;5.031;32.38;54;0.0516;76;0.000088624;60;1.1374;3.29478;5.0348;577.62;9999.00;
23/07/2019 03:09:59.036;117;-13024.924;4850.641;563.909;5.065;34.14;54;0.0516;80;0.000100848;61;1.2408;3.29632;5.0626;570.67;9999.00;
23/07/2019 03:10:29.042;117;-13024.924;4850.641;558.986;5.100;35.47;56;0.0774;80;0.000100848;65;1.6544;3.29904;5.1017;562.68;9999.00;
23/07/2019 03:10:59.049;117;-13024.924;4850.641;549.203;5.182;37.62;55;0.0645;80;0.000100848;61;1.2408;3.30533;5.1845;555.67;9999.00;
23/07/2019 03:11:29.055;117;-13024.924;4850.641;544.301;5.232;38.41;52;0.0258;77;0.000091680;61;1.2408;3.30811;5.2210;547.97;9999.00;
23/07/2019 03:11:59.062;117;-13024.924;4850.641;534.940;5.301;40.13;54;0.0516;79;0.000097792;62;1.3442;3.31426;5.2995;541.17;9999.00;
23/07/2019 03:12:29.069;117;-13024.924;4850.641;530.143;5.342;41.13;52;0.0258;80;0.000100848;62;1.3442;3.31703;5.3358;533.46;9999.00;
23/07/2019 03:12:59.075;117;-13024.924;4850.641;520.591;5.375;41.34;55;0.0645;78;0.000094736;62;1.3442;3.32082;5.3808;526.68;9999.00;
23/07/2019 03:13:29.082;117;-13024.924;4850.641;515.984;5.427;43.58;55;0.0645;82;0.000106960;63;1.4476;3.32356;5.4236;519.05;9999.00;
23/07/2019 03:13:59.088;117;-13024.924;4850.641;506.686;5.460;44.40;54;0.0516;121;0.000226144;62;1.3442;3.32533;5.4474;512.38;9999.00;
23/07/2019 03:14:29.095;117;-13024.924;4850.641;501.909;5.523;46.94;52;0.0258;79;0.000097792;60;1.1374;3.32964;5.5089;504.64;9999.00;
23/07/2019 03:14:59.103;117;-13024.924;4850.641;492.441;5.618;46.16;52;0.0258;78;0.000094736;64;1.5510;3.33999;5.6232;497.95;9999.00;
23/07/2019 03:15:29.109;117;-13024.924;4850.641;487.854;5.620;46.18;55;0.0645;79;0.000097792;61;1.2408;3.33994;5.6244;490.48;9999.00;
23/07/2019 03:15:59.115;117;-13024.924;4850.641;478.681;5.655;47.03;53;0.0387;78;0.000094736;60;1.1374;3.34242;5.6587;483.92;9999.00;
23/07/2019 03:16:29.260;117;-13024.924;4850.641;474.116;5.691;47.94;56;0.0774;81;0.000103904;63;1.4476;3.34470;5.6901;476.48;9999.00;
23/07/2019 03:16:59.267;117;-13024.924;4850.641;464.879;5.725;48.78;55;0.0645;88;0.000125296;63;1.4476;3.34776;5.7293;469.94;9999.00;
23/07/2019 03:17:29.273;117;-13024.924;4850.641;460.165;5.760;49.44;53;0.0387;80;0.000100848;62;1.3442;3.35042;5.7644;462.36;9999.00;
23/07/2019 03:17:59.279;117;-13024.924;4850.641;450.970;5.804;50.20;53;0.0387;80;0.000100848;61;1.2408;3.35200;5.7863;455.78;9999.00;
23/07/2019 03:18:29.285;117;-13024.924;4850.641;446.467;5.822;51.81;53;0.0387;80;0.000100848;61;1.2408;3.35448;5.8223;448.32;9999.00;
23/07/2019 03:18:59.291;117;-13024.924;4850.641;437.186;5.839;52.87;52;0.0258;81;0.000103904;60;1.1374;3.35572;5.8415;441.68;9999.00;
23/07/2019 03:19:29.299;117;-13024.924;4850.641;432.472;5.869;54.20;52;0.0258;80;0.000100848;62;1.3442;3.35753;5.8697;434.18;9999.00;
23/07/2019 03:19:59.313;117;-13024.924;4850.641;423.466;5.921;53.92;51;0.0129;80;0.000100848;63;1.4476;3.36243;5.9271;426.75;9999.00;
23/07/2019 03:20:29.318;117;-13024.924;4850.641;418.793;5.969;54.14;54;0.0516;83;0.000110016;61;1.2408;3.36630;5.9734;420.14;9999.00;
23/07/2019 03:20:59.335;117;-13024.924;4850.641;409.554;6.010;55.01;55;0.0645;81;0.000103904;64;1.5510;3.36938;6.0150;412.64;9999.00;
23/07/2019 03:21:29.341;117;-13024.924;4850.641;404.902;6.059;56.14;51;0.0129;85;0.000116128;61;1.2408;3.37321;6.0636;406.11;9999.00;
23/07/2019 03:21:59.348;117;-13024.924;4850.641;395.810;6.102;57.22;52;0.0258;88;0.000125296;62;1.3442;3.37649;6.1070;398.64;9999.00;
23/07/2019 03:22:29.352;117;-13024.924;4850.641;391.222;6.139;57.56;54;0.0516;83;0.000110016;63;1.4476;3.37861;6.1343;392.09;9999.00;
23/07/2019 03:22:59.360;117;-13024.924;4850.641;382.087;6.164;58.00;56;0.0774;81;0.000103904;64;1.5510;3.38131;6.1695;384.65;9999.00;
23/07/2019 03:23:29.365;117;-13024.924;4850.641;377.435;6.211;58.37;54;0.0516;82;0.000106960;60;1.1374;3.38401;6.2047;378.06;9999.00;
23/07/2019 03:23:59.373;117;-13024.924;4850.641;368.131;6.246;58.85;53;0.0387;84;0.000113072;60;1.1374;3.38754;6.2496;370.43;9999.00;
23/07/2019 03:24:29.380;117;-13024.924;4850.641;363.478;6.280;59.14;56;0.0774;84;0.000113072;60;1.1374;3.38998;6.2815;363.83;9999.00;
23/07/2019 03:24:59.386;117;-13024.924;4850.641;354.067;6.318;59.47;54;0.0516;87;0.000122240;62;1.3442;3.39302;6.3218;356.21;9999.00;
23/07/2019 03:25:29.391;117;-13024.924;4850.641;349.563;6.350;59.68;52;0.0258;89;0.000128352;61;1.2408;3.39532;6.3512;349.71;9999.00;
23/07/2019 03:25:59.397;117;-13024.924;4850.641;340.341;6.393;60.05;52;0.0258;87;0.000122240;61;1.2408;3.39880;6.3972;342.21;9999.00;
23/07/2019 03:26:29.404;117;-13024.924;4850.641;335.794;6.424;60.45;54;0.0516;83;0.000110016;63;1.4476;3.40126;6.4294;335.68;9999.00;
23/07/2019 03:26:59.546;117;-13024.924;4850.641;326.636;6.427;60.54;55;0.0645;87;0.000122240;65;1.6544;3.40135;6.4330;328.30;9999.00;
23/07/2019 03:27:29.564;117;-13024.924;4850.641;322.088;6.443;60.66;51;0.0129;86;0.000119184;62;1.3442;3.40223;6.4472;321.84;9999.00;
23/07/2019 03:27:59.572;117;-13024.924;4850.641;313.141;6.484;60.94;52;0.0258;84;0.000113072;61;1.2408;3.40534;6.4886;314.56;9999.00;
23/07/2019 03:28:29.578;117;-13024.924;4850.641;308.593;6.516;61.05;53;0.0387;88;0.000125296;62;1.3442;3.40716;6.5135;308.13;9999.00;
23/07/2019 03:28:59.584;117;-13024.924;4850.641;299.476;6.529;61.14;51;0.0129;85;0.000116128;61;1.2408;3.40838;6.5313;300.66;9999.00;
23/07/2019 03:29:29.588;117;-13024.924;4850.641;294.886;6.575;61.22;54;0.0516;86;0.000119184;60;1.1374;3.41171;6.5759;294.07;9999.00;
23/07/2019 03:29:59.595;117;-13024.924;4850.641;285.726;6.608;61.32;53;0.0387;88;0.000125296;62;1.3442;3.41435;6.6108;286.73;9999.00;
23/07/2019 03:30:29.601;117;-13024.924;4850.641;281.305;6.646;61.30;53;0.0387;86;0.000119184;63;1.4476;3.41724;6.6486;280.40;9999.00;
23/07/2019 03:30:59.608;117;-13024.924;4850.641;272.377;6.687;61.08;51;0.0129;88;0.000125296;61;1.2408;3.42062;6.6924;273.06;9999.00;
23/07/2019 03:31:29.615;117;-13024.924;4850.641;267.871;6.711;60.91;52;0.0258;83;0.000110016;61;1.2408;3.42229;6.7148;266.61;9999.00;
23/07/2019 03:31:59.621;117;-13024.924;4850.641;258.773;6.724;61.12;53;0.0387;89;0.000128352;63;1.4476;3.42328;6.7305;259.23;9999.00;
23/07/2019 03:32:29.628;117;-13024.924;4850.641;254.182;6.758;62.15;51;0.0129;93;0.000140576;61;1.2408;3.42525;6.7590;252.69;9999.00;
23/07/2019 03:32:59.635;117;-13024.924;4850.641;245.147;6.785;61.22;53;0.0387;85;0.000116128;62;1.3442;3.42760;6.7899;245.46;9999.00;
23/07/2019 03:33:29.641;117;-13024.924;4850.641;240.788;6.860;62.14;55;0.0645;83;0.000110016;62;1.3442;3.43329;6.8629;239.24;9999.00;
23/07/2019 03:33:59.648;117;-13024.924;4850.641;232.028;6.906;62.48;53;0.0387;88;0.000125296;62;1.3442;3.43711;6.9114;231.97;9999.00;
23/07/2019 03:34:29.655;117;-13024.924;4850.641;227.521;6.940;62.48;53;0.0387;87;0.000122240;60;1.1374;3.43912;6.9386;225.60;9999.00;
23/07/2019 03:34:59.663;117;-13024.924;4850.641;218.634;6.945;62.69;55;0.0645;99;0.000158912;63;1.4476;3.43991;6.9507;218.42;9999.00;
23/07/2019 03:35:29.668;117;-13024.924;4850.641;214.253;6.973;63.21;53;0.0387;87;0.000122240;62;1.3442;3.44167;6.9753;212.30;9999.00;
23/07/2019 03:35:59.676;117;-13024.924;4850.641;205.704;6.997;63.81;51;0.0129;87;0.000122240;62;1.3442;3.44363;7.0027;205.38;9999.00;
23/07/2019 03:36:29.681;117;-13024.924;4850.641;201.577;7.003;64.30;54;0.0516;85;0.000116128;62;1.3442;3.44375;7.0070;199.31;9999.00;
23/07/2019 03:36:59.690;117;-13024.924;4850.641;193.090;7.015;65.04;53;0.0387;85;0.000116128;59;1.0340;3.44457;7.0209;192.45;9999.00;
23/07/2019 03:37:29.694;117;-13024.924;4850.641;188.879;7.077;66.74;51;0.0129;85;0.000116128;60;1.1374;3.44807;7.0683;186.64;9999.00;
23/07/2019 03:37:59.700;117;-13024.924;4850.641;180.857;7.108;68.77;53;0.0387;87;0.000122240;62;1.3442;3.45121;7.1105;180.12;9999.00;
23/07/2019 03:38:29.707;117;-13024.924;4850.641;176.857;7.179;77.82;52;0.0258;85;0.000116128;63;1.4476;3.45609;7.1805;174.44;9999.00;
23/07/2019 03:38:59.713;117;-13024.924;4850.641;168.772;7.221;82.07;52;0.0258;83;0.000110016;62;1.3442;3.45889;7.2200;167.82;9999.00;
23/07/2019 03:39:29.720;117;-13024.924;4850.641;164.750;7.291;86.30;52;0.0258;87;0.000122240;62;1.3442;3.46360;7.2853;162.08;9999.00;
23/07/2019 03:39:59.726;117;-13024.924;4850.641;156.918;7.350;89.10;52;0.0258;88;0.000125296;61;1.2408;3.46830;7.3501;155.86;9999.00;
23/07/2019 03:40:29.732;117;-13024.924;4850.641;153.320;7.405;92.69;56;0.0774;87;0.000122240;61;1.2408;3.47144;7.3970;150.68;9999.00;
23/07/2019 03:40:59.738;117;-13024.924;4850.641;146.059;7.477;99.91;53;0.0387;87;0.000122240;61;1.2408;3.47637;7.4861;144.81;9999.00;
23/07/2019 03:41:29.746;117;-13024.924;4850.641;142.588;7.537;109.45;56;0.0774;88;0.000125296;61;1.2408;3.47835;7.5416;139.95;9999.00;
23/07/2019 03:41:59.753;117;-13024.924;4850.641;135.729;7.595;120.03;56;0.0774;84;0.000113072;61;1.2408;3.47876;7.6012;134.32;9999.00;
23/07/2019 03:42:29.759;117;-13024.924;4850.641;132.194;7.619;131.39;53;0.0387;87;0.000122240;61;1.2408;3.47589;7.6232;129.31;9999.00;
23/07/2019 03:42:59.766;117;-13024.924;4850.641;125.144;7.634;138.46;55;0.0645;87;0.000122240;57;0.8272;3.47324;7.6386;123.51;9999.00;
23/07/2019 03:43:29.773;117;-13024.924;4850.641;121.524;7.634;165.48;55;0.0645;85;0.000116128;61;1.2408;3.46286;7.6385;118.49;9999.00;
23/07/2019 03:43:59.781;117;-13024.924;4850.641;114.495;7.637;179.88;56;0.0774;87;0.000122240;59;1.0340;3.45237;7.6410;112.85;9999.00;
23/07/2019 03:44:29.786;117;-13024.924;4850.641;111.320;7.638;210.67;58;0.1032;113;0.000201696;62;1.3442;3.43992;7.6436;108.33;9999.00;
23/07/2019 03:44:59.793;117;-13024.924;4850.641;105.222;7.648;234.88;63;0.1677;87;0.000122240;58;0.9306;3.42043;7.6501;103.53;9999.00;
23/07/2019 03:45:29.799;117;-13024.924;4850.641;102.576;7.653;269.05;63;0.1677;88;0.000125296;57;0.8272;3.40210;7.6602;100.06;9999.00;
23/07/2019 03:45:59.807;117;-13024.924;4850.641;97.939;7.633;272.44;57;0.0903;90;0.000131408;57;0.8272;3.39074;7.6358;96.29;9999.00;
23/07/2019 03:46:29.812;117;-13024.924;4850.641;95.716;7.660;291.36;58;0.1032;89;0.000128352;58;0.9306;3.38713;7.6608;92.97;9999.00;
23/07/2019 03:46:59.822;117;-13024.924;4850.641;90.888;7.702;301.22;63;0.1677;90;0.000131408;56;0.7238;3.38426;7.7072;89.09;9999.00;
23/07/2019 03:47:29.828;117;-13024.924;4850.641;88.601;7.784;307.37;61;0.1419;96;0.000149744;56;0.7238;3.38555;7.7841;85.86;9999.00;
23/07/2019 03:47:59.835;117;-13024.924;4850.641;84.261;7.823;316.17;65;0.1935;89;0.000128352;59;1.0340;3.38181;7.8290;82.41;9999.00;
23/07/2019 03:48:29.842;117;-13024.924;4850.641;82.101;7.846;317.33;62;0.1548;87;0.000122240;58;0.9306;3.37960;7.8361;79.38;9999.00;
23/07/2019 03:48:59.850;117;-13024.924;4850.641;77.887;8.088;325.50;64;0.1806;108;0.000186416;59;1.0340;3.39348;8.0836;75.91;9999.00;
23/07/2019 03:49:29.855;117;-13024.924;4850.641;75.622;8.247;330.72;69;0.2451;98;0.000155856;57;0.8272;3.40456;8.2406;72.66;9999.00;
23/07/2019 03:49:59.862;117;-13024.924;4850.641;70.921;8.330;335.94;73;0.2967;101;0.000165024;57;0.8272;3.41305;8.3394;68.84;9999.00;
23/07/2019 03:50:29.868;117;-13024.924;4850.641;68.634;8.369;336.54;74;0.3096;103;0.000171136;57;0.8272;3.41581;8.3740;65.54;9999.00;
23/07/2019 03:50:59.876;117;-13024.924;4850.641;63.996;8.545;338.40;82;0.4128;136;0.000271984;59;1.0340;3.43090;8.5549;61.78;9999.00;
23/07/2019 03:51:29.884;117;-13024.924;4850.641;61.667;8.693;338.70;90;0.5160;123;0.000232256;59;1.0340;3.44015;8.6512;58.54;9999.00;
23/07/2019 03:51:59.889;117;-13024.924;4850.641;57.220;9.032;341.82;116;0.8514;141;0.000287264;58;0.9306;3.47174;9.0555;54.92;9999.00;
23/07/2019 03:52:29.895;117;-13024.924;4850.641;55.060;9.325;346.27;141;1.1739;158;0.000339216;56;0.7238;3.49196;9.3078;51.95;9999.00;
23/07/2019 03:52:59.901;117;-13024.924;4850.641;50.951;9.478;347.94;158;1.3932;168;0.000369776;59;1.0340;3.50837;9.4947;48.62;9999.00;
23/07/2019 03:53:29.907;117;-13024.924;4850.641;48.982;9.801;348.64;191;1.8189;191;0.000440064;58;0.9306;3.52759;9.7179;45.79;9999.00;
23/07/2019 03:53:59.913;117;-13024.924;4850.641;45.000;10.117;351.23;225;2.2575;180;0.000406448;57;0.8272;3.56409;10.1381;42.56;9999.00;
23/07/2019 03:54:29.920;117;-13024.924;4850.641;43.073;10.569;353.31;249;2.5671;190;0.000437008;58;0.9306;3.59830;10.5294;39.81;9999.00;
23/07/2019 03:54:59.925;117;-13024.924;4850.641;39.325;10.796;355.63;275;2.9025;192;0.000443120;56;0.7238;3.62355;10.8139;36.80;9999.00;
23/07/2019 03:55:29.934;117;-13024.924;4850.641;37.525;10.998;357.03;263;2.7477;185;0.000421728;59;1.0340;3.63762;10.9704;34.23;9999.00;
23/07/2019 03:55:59.940;117;-13024.924;4850.641;33.839;11.651;362.54;291;3.1089;187;0.000427840;57;0.8272;3.69916;11.6811;31.20;9999.00;
23/07/2019 03:56:29.947;117;-13024.924;4850.641;32.124;12.133;364.06;280;2.9670;202;0.000473680;57;0.8272;3.73566;12.0891;28.74;9999.00;
23/07/2019 03:56:59.953;117;-13024.924;4850.641;28.672;12.405;363.60;193;1.8447;186;0.000424784;58;0.9306;3.76701;12.4321;25.96;9999.00;
23/07/2019 03:57:29.960;117;-13024.924;4850.641;27.062;13.106;356.16;162;1.4448;179;0.000403392;57;0.8272;3.82552;13.0932;23.63;9999.00;
23/07/2019 03:57:59.967;117;-13024.924;4850.641;23.906;13.674;348.10;143;1.1997;181;0.000409504;57;0.8272;3.86271;13.5045;21.10;9999.00;
23/07/2019 03:58:29.974;117;-13024.924;4850.641;22.381;15.270;317.43;111;0.7869;157;0.000336160;59;1.0340;4.02245;15.3153;19.15;9999.00;
23/07/2019 03:58:59.982;117;-13024.924;4850.641;19.967;15.579;310.60;101;0.6579;153;0.000323936;54;0.5170;4.05184;15.6105;17.22;9999.00;
23/07/2019 03:59:29.989;117;-13024.924;4850.641;18.823;15.738;308.07;96;0.5934;153;0.000323936;57;0.8272;4.06785;15.7745;15.54;9999.00;
23/07/2019 03:59:59.998;117;-13024.924;4850.641;16.514;15.788;307.50;93;0.5547;153;0.000323936;57;0.8272;4.07207;15.8059;13.71;9999.00;
23/07/2019 04:00:30.003;117;-13024.924;4850.641;15.434;15.838;307.13;90;0.5160;161;0.000348384;58;0.9306;4.07715;15.8562;12.05;9999.00;
23/07/2019 04:01:00.010;117;-13024.924;4850.641;13.041;15.856;307.07;92;0.5418;145;0.000299488;53;0.4136;4.07875;15.8704;10.00;9999.00;
23/07/2019 04:01:30.016;117;-13024.924;4850.641;11.791;15.870;306.76;92;0.5418;146;0.000302544;56;0.7238;4.08002;15.8817;8.25;9999.00;
23/07/2019 04:02:00.026;117;-13024.924;4850.641;9.376;15.870;306.76;92;0.5418;139;0.000281152;56;0.7238;4.08005;15.8819;6.23;9999.00;
