PLD_REALTIMECLOCK;NAV_RESOURCE;NAV_LONGITUDE;NAV_LATITUDE;NAV_DEPTH;AROD_FT_TEMP;AROD_FT_DO;FLBBCD_CHL_COUNT;FLBBCD_CHL_SCALED;FLBBCD_BB_700_COUNT;FLBBCD_BB_700_SCALED;FLBBCD_CDOM_COUNT;FLBBCD_CDOM_SCALED;GPCTD_CONDUCTIVITY;GPCTD_TEMPERATURE;GPCTD_PRESSURE;GPCTD_DOF;
22/07/2019 02:29:35.743;117;-13035.922;4854.711;8.720;15.697;309.38;100;0.6450;155;0.000330048;57;0.8272;4.06232;15.7054;5.99;9999.00;
22/07/2019 02:30:05.750;115;-13035.922;4854.711;3.276;15.686;309.10;99;0.6321;157;0.000336160;56;0.7238;4.06209;15.7066;3.89;9999.00;
22/07/2019 02:30:35.758;116;-13035.922;4854.711;2.323;15.702;309.48;98;0.6192;150;0.000314768;57;0.8272;4.06146;15.6985;0.42;9999.00;
22/07/2019 02:31:05.550;116;-13036.632;4854.677;2.408;15.704;309.61;96;0.5934;182;0.000412560;55;0.6204;4.06219;15.7100;0.23;9999.00;
22/07/2019 02:31:35.559;116;-13036.628;4854.680;2.831;15.710;309.41;98;0.6192;148;0.000308656;55;0.6204;4.06226;15.7115;1.30;9999.00;
22/07/2019 02:32:05.565;116;-13036.621;4854.678;2.514;15.707;309.20;97;0.6063;155;0.000330048;55;0.6204;4.06239;15.7108;0.16;9999.00;
22/07/2019 02:32:35.570;116;-13036.621;4854.678;2.514;15.708;309.48;98;0.6192;155;0.000330048;57;0.8272;4.06250;15.7116;1.27;9999.00;
22/07/2019 02:33:05.578;116;-13036.621;4854.678;2.514;15.707;309.14;96;0.5934;150;0.000314768;57;0.8272;4.06247;15.7115;0.49;9999.00;
22/07/2019 02:33:35.583;116;-13036.594;4854.676;2.556;15.707;309.60;97;0.6063;146;0.000302544;56;0.7238;4.06247;15.7107;0.84;9999.00;
22/07/2019 02:34:05.589;116;-13036.593;4854.676;2.704;15.707;309.20;100;0.6450;151;0.000317824;55;0.6204;4.06251;15.7109;0.68;9999.00;
22/07/2019 02:34:35.595;116;-13036.588;4854.677;2.387;15.706;309.54;95;0.5805;152;0.000320880;56;0.7238;4.06248;15.7106;0.16;9999.00;
22/07/2019 02:35:05.602;116;-13036.588;4854.677;2.387;15.706;309.56;94;0.5676;154;0.000326992;57;0.8272;4.06248;15.7103;0.81;9999.00;
22/07/2019 02:35:35.609;116;-13036.588;4854.677;2.387;15.707;309.46;94;0.5676;147;0.000305600;53;0.4136;4.06255;15.7108;0.19;9999.00;
22/07/2019 02:36:05.615;116;-13036.588;4854.677;2.387;15.705;309.57;97;0.6063;149;0.000311712;53;0.4136;4.06257;15.7101;0.53;9999.00;
22/07/2019 02:36:35.621;116;-13036.588;4854.677;2.387;15.705;309.55;97;0.6063;150;0.000314768;57;0.8272;4.06253;15.7091;0.91;9999.00;
22/07/2019 02:37:05.628;116;-13036.588;4854.677;2.387;15.707;309.58;94;0.5676;145;0.000299488;54;0.5170;4.06256;15.7118;0.16;9999.00;
22/07/2019 02:37:35.634;116;-13036.588;4854.677;2.387;15.706;309.71;95;0.5805;164;0.000357552;52;0.3102;4.06254;15.7102;0.15;9999.00;
22/07/2019 02:38:05.639;116;-13036.588;4854.677;2.387;15.706;309.64;95;0.5805;149;0.000311712;54;0.5170;4.06256;15.7112;0.09;9999.00;
22/07/2019 02:38:35.652;116;-13036.588;4854.677;2.387;15.705;309.70;98;0.6192;166;0.000363664;56;0.7238;4.06263;15.7109;0.06;9999.00;
22/07/2019 02:39:05.660;116;-13036.588;4854.677;2.387;15.706;309.71;98;0.6192;151;0.000317824;55;0.6204;4.06259;15.7099;0.11;9999.00;
22/07/2019 02:39:35.667;116;-13036.588;4854.677;2.387;15.703;309.77;95;0.5805;150;0.000314768;52;0.3102;4.06253;15.7098;0.16;9999.00;
22/07/2019 02:40:05.674;116;-13036.505;4854.683;2.323;15.702;310.09;97;0.6063;155;0.000330048;55;0.6204;4.06248;15.7083;0.22;9999.00;
22/07/2019 02:40:35.681;116;-13036.499;4854.683;2.450;15.702;309.81;99;0.6321;147;0.000305600;56;0.7238;4.06243;15.7063;0.56;9999.00;
22/07/2019 02:41:05.687;116;-13036.485;4854.681;2.895;15.702;310.11;96;0.5934;163;0.000354496;52;0.3102;4.06245;15.7065;1.27;9999.00;
22/07/2019 02:41:35.695;116;-13036.483;4854.681;2.471;15.703;309.95;99;0.6321;156;0.000333104;55;0.6204;4.06243;15.7072;0.06;9999.00;
22/07/2019 02:42:05.703;116;-13036.480;4854.682;2.408;15.704;309.96;98;0.6192;157;0.000336160;54;0.5170;4.06260;15.7088;0.89;9999.00;
22/07/2019 02:42:35.709;116;-13036.480;4854.682;2.408;15.704;309.91;97;0.6063;146;0.000302544;54;0.5170;4.06249;15.7090;0.13;9999.00;
22/07/2019 02:43:05.716;116;-13036.466;4854.682;2.429;15.703;309.87;98;0.6192;156;0.000333104;55;0.6204;4.06246;15.7094;0.09;9999.00;
22/07/2019 02:43:35.723;116;-13036.460;4854.682;2.408;15.703;310.02;96;0.5934;175;0.000391168;56;0.7238;4.06241;15.7092;0.06;9999.00;
22/07/2019 02:44:05.730;116;-13036.451;4854.681;2.556;15.703;310.07;95;0.5805;151;0.000317824;56;0.7238;4.06248;15.7078;0.90;9999.00;
22/07/2019 02:44:35.736;116;-13036.446;4854.680;2.365;15.703;309.87;97;0.6063;153;0.000323936;57;0.8272;4.06234;15.7093;0.07;9999.00;
22/07/2019 02:45:05.743;116;-13036.438;4854.681;2.365;15.703;309.92;93;0.5547;148;0.000308656;56;0.7238;4.06240;15.7086;0.05;9999.00;
22/07/2019 02:45:35.749;116;-13036.434;4854.681;2.365;15.703;309.77;95;0.5805;154;0.000326992;57;0.8272;4.06225;15.7084;0.04;9999.00;
22/07/2019 02:46:05.756;116;-13036.424;4854.679;2.408;15.703;309.95;94;0.5676;152;0.000320880;56;0.7238;4.06217;15.7085;0.13;9999.00;
22/07/2019 02:46:35.764;116;-13036.420;4854.677;2.471;15.704;309.81;96;0.5934;161;0.000348384;54;0.5170;4.06117;15.7086;0.04;9999.00;
22/07/2019 02:47:05.769;116;-13036.411;4854.678;2.471;15.703;310.02;96;0.5934;150;0.000314768;55;0.6204;4.06217;15.7075;0.56;9999.00;
22/07/2019 02:47:35.775;110;-13036.411;4854.678;3.742;15.703;310.30;97;0.6063;149;0.000311712;57;0.8272;4.06241;15.7069;2.92;9999.00;
22/07/2019 02:48:05.782;110;-13036.411;4854.678;10.944;15.690;310.45;98;0.6192;152;0.000320880;57;0.8272;4.06278;15.7050;9.45;9999.00;
22/07/2019 02:48:35.784;100;-13036.411;4854.678;17.150;15.423;313.04;106;0.7224;168;0.000369776;54;0.5170;4.04097;15.4308;18.82;9999.00;
22/07/2019 02:49:05.796;100;-13036.411;4854.678;28.015;14.825;321.23;110;0.7740;149;0.000311712;55;0.6204;4.00428;15.0226;25.96;9999.00;
22/07/2019 02:49:35.802;100;-13036.411;4854.678;32.526;12.702;359.46;186;1.7544;172;0.000382000;56;0.7238;3.80213;12.7401;33.06;9999.00;
22/07/2019 02:50:05.809;100;-13036.411;4854.678;40.257;11.761;369.06;269;2.8251;171;0.000378944;58;0.9306;3.72775;11.8991;38.44;9999.00;
22/07/2019 02:50:35.815;100;-13036.411;4854.678;44.153;11.079;359.45;248;2.5542;163;0.000354496;56;0.7238;3.65608;11.0967;44.77;9999.00;
22/07/2019 02:51:05.822;100;-13036.411;4854.678;51.629;10.242;354.94;183;1.7157;165;0.000360608;57;0.8272;3.59310;10.3811;50.16;9999.00;
22/07/2019 02:51:35.828;100;-13036.411;4854.678;55.462;9.609;352.50;126;0.9804;143;0.000293376;59;1.0340;3.52709;9.6376;56.28;9999.00;
22/07/2019 02:52:05.835;100;-13036.411;4854.678;63.128;9.271;350.25;106;0.7224;133;0.000262816;57;0.8272;3.49634;9.2879;61.83;9999.00;
22/07/2019 02:52:35.844;100;-13036.411;4854.678;67.194;8.995;348.54;90;0.5160;117;0.000213920;56;0.7238;3.47258;9.0082;68.50;9999.00;
22/07/2019 02:53:05.849;100;-13036.411;4854.678;75.537;8.595;347.30;75;0.3225;106;0.000180304;57;0.8272;3.44777;8.7119;74.53;9999.00;
22/07/2019 02:53:35.856;100;-13036.411;4854.678;79.729;8.303;338.66;67;0.2193;93;0.000140576;57;0.8272;3.41892;8.3374;81.38;9999.00;
22/07/2019 02:54:05.862;100;-13036.411;4854.678;88.093;7.882;327.09;60;0.1290;91;0.000134464;58;0.9306;3.39344;7.9454;87.37;9999.00;
22/07/2019 02:54:35.869;100;-13036.411;4854.678;92.074;7.600;308.70;56;0.0774;92;0.000137520;57;0.8272;3.37966;7.6432;93.82;9999.00;
22/07/2019 02:55:05.877;100;-13036.411;4854.678;99.993;7.400;289.07;53;0.0387;87;0.000122240;58;0.9306;3.37519;7.3929;99.48;9999.00;
22/07/2019 02:55:35.884;100;-13036.411;4854.678;103.719;7.439;275.30;54;0.0516;87;0.000122240;60;1.1374;3.38825;7.4414;105.68;9999.00;
22/07/2019 02:56:05.891;100;-13036.411;4854.678;111.235;7.443;262.22;54;0.0516;86;0.000119184;58;0.9306;3.39770;7.4460;111.04;9999.00;
22/07/2019 02:56:35.897;100;-13036.411;4854.678;114.855;7.485;240.32;54;0.0516;87;0.000122240;59;1.0340;3.41501;7.4876;116.77;9999.00;
22/07/2019 02:57:05.904;100;-13036.411;4854.678;121.185;7.498;232.93;54;0.0516;87;0.000122240;60;1.1374;3.42108;7.5043;121.31;9999.00;
22/07/2019 02:57:35.913;100;-13036.411;4854.678;124.382;7.504;219.44;52;0.0258;86;0.000119184;58;0.9306;3.43199;7.5107;126.34;9999.00;
22/07/2019 02:58:05.918;100;-13036.411;4854.678;130.754;7.571;206.83;53;0.0387;87;0.000122240;59;1.0340;3.43871;7.5581;130.93;9999.00;
22/07/2019 02:58:35.925;100;-13036.411;4854.678;134.226;7.647;173.52;57;0.0903;92;0.000137520;59;1.0340;3.46051;7.6508;136.55;9999.00;
22/07/2019 02:59:05.933;100;-13036.411;4854.678;140.683;7.651;164.37;54;0.0516;93;0.000140576;59;1.0340;3.46647;7.6540;141.07;9999.00;
22/07/2019 02:59:35.938;100;-13036.411;4854.678;143.752;7.647;154.43;53;0.0387;89;0.000128352;60;1.1374;3.47285;7.6511;146.02;9999.00;
22/07/2019 03:00:05.947;100;-13036.411;4854.678;149.679;7.625;148.97;53;0.0387;85;0.000116128;61;1.2408;3.47603;7.6350;150.14;9999.00;
22/07/2019 03:00:35.953;100;-13036.411;4854.678;152.558;7.601;140.44;51;0.0129;88;0.000125296;61;1.2408;3.47895;7.6064;154.85;9999.00;
22/07/2019 03:01:05.960;100;-13036.411;4854.678;158.125;7.576;144.95;53;0.0387;93;0.000140576;58;0.9306;3.47777;7.5822;158.81;9999.00;
22/07/2019 03:01:35.967;100;-13036.411;4854.678;160.919;7.578;141.43;51;0.0129;87;0.000122240;60;1.1374;3.47860;7.5815;163.36;9999.00;
22/07/2019 03:02:05.973;100;-13036.411;4854.678;166.486;7.593;128.87;53;0.0387;91;0.000134464;62;1.3442;3.48229;7.5981;167.33;9999.00;
22/07/2019 03:02:35.980;100;-13036.411;4854.678;169.195;7.543;119.13;53;0.0387;88;0.000125296;59;1.0340;3.48186;7.5508;171.81;9999.00;
22/07/2019 03:03:05.987;100;-13036.411;4854.678;174.698;7.513;115.64;55;0.0645;85;0.000116128;60;1.1374;3.48049;7.5189;175.67;9999.00;
22/07/2019 03:03:35.994;100;-13036.411;4854.678;177.365;7.441;110.86;53;0.0387;87;0.000122240;61;1.2408;3.47602;7.4471;180.06;9999.00;
22/07/2019 03:04:06.000;100;-13036.411;4854.678;182.635;7.414;108.81;52;0.0258;88;0.000125296;59;1.0340;3.47474;7.4233;183.81;9999.00;
22/07/2019 03:04:36.006;100;-13036.411;4854.678;185.260;7.340;101.82;54;0.0516;86;0.000119184;60;1.1374;3.46913;7.3445;188.04;9999.00;
22/07/2019 03:05:06.023;100;-13036.411;4854.678;190.487;7.315;100.02;52;0.0258;89;0.000128352;61;1.2408;3.46762;7.3227;191.71;9999.00;
22/07/2019 03:05:36.029;100;-13036.411;4854.678;192.984;7.262;97.06;51;0.0129;89;0.000128352;60;1.1374;3.46374;7.2690;195.95;9999.00;
22/07/2019 03:06:06.036;100;-13036.411;4854.678;198.170;7.210;94.52;53;0.0387;87;0.000122240;60;1.1374;3.46024;7.2230;199.61;9999.00;
22/07/2019 03:06:36.045;100;-13036.411;4854.678;200.751;7.182;93.24;52;0.0258;85;0.000116128;62;1.3442;3.45807;7.1947;203.78;9999.00;
22/07/2019 03:07:06.049;100;-13036.411;4854.678;205.915;7.164;91.67;54;0.0516;84;0.000113072;61;1.2408;3.45619;7.1706;207.45;9999.00;
22/07/2019 03:07:36.055;100;-13036.411;4854.678;208.518;7.155;91.08;54;0.0516;93;0.000140576;62;1.3442;3.45549;7.1590;211.67;9999.00;
22/07/2019 03:08:06.062;100;-13036.411;4854.678;213.724;7.133;89.60;52;0.0258;92;0.000137520;62;1.3442;3.45390;7.1366;215.36;9999.00;
22/07/2019 03:08:36.069;100;-13036.411;4854.678;216.412;7.131;89.33;52;0.0258;90;0.000131408;60;1.1374;3.45390;7.1356;219.87;9999.00;
22/07/2019 03:09:06.083;100;-13036.411;4854.678;221.914;7.080;89.32;53;0.0387;90;0.000131408;63;1.4476;3.44992;7.0860;223.68;9999.00;
22/07/2019 03:09:36.088;100;-13036.411;4854.678;224.622;7.063;89.32;51;0.0129;86;0.000119184;61;1.2408;3.44854;7.0671;228.04;9999.00;
22/07/2019 03:10:06.095;100;-13036.411;4854.678;229.976;7.059;89.68;50;0.0000;86;0.000119184;62;1.3442;3.44841;7.0643;231.87;9999.00;
22/07/2019 03:10:36.101;100;-13036.411;4854.678;232.642;7.030;89.01;56;0.0774;86;0.000119184;61;1.2408;3.44619;7.0342;236.28;9999.00;
22/07/2019 03:11:06.105;100;-13036.411;4854.678;238.101;7.011;88.34;53;0.0387;88;0.000125296;61;1.2408;3.44512;7.0204;240.13;9999.00;
22/07/2019 03:11:36.112;100;-13036.411;4854.678;240.704;7.002;85.75;52;0.0258;87;0.000122240;59;1.0340;3.44436;7.0059;244.44;9999.00;
22/07/2019 03:12:06.119;100;-13036.411;4854.678;246.120;6.969;84.84;53;0.0387;84;0.000113072;61;1.2408;3.44293;6.9868;248.25;9999.00;
22/07/2019 03:12:36.126;100;-13036.411;4854.678;248.786;6.927;82.53;51;0.0129;87;0.000122240;62;1.3442;3.43888;6.9325;252.67;9999.00;
22/07/2019 03:13:06.132;100;-13036.411;4854.678;254.182;6.915;81.44;50;0.0000;89;0.000128352;61;1.2408;3.43788;6.9196;256.50;9999.00;
22/07/2019 03:13:36.148;100;-13036.411;4854.678;256.890;6.881;80.47;55;0.0645;87;0.000122240;63;1.4476;3.43549;6.8873;260.87;9999.00;
22/07/2019 03:14:06.154;100;-13036.411;4854.678;262.222;6.835;79.01;54;0.0516;87;0.000122240;63;1.4476;3.43222;6.8452;264.68;9999.00;
22/07/2019 03:14:36.162;100;-13036.411;4854.678;264.866;6.799;78.15;53;0.0387;83;0.000110016;61;1.2408;3.42902;6.8057;268.96;9999.00;
22/07/2019 03:15:06.170;100;-13036.411;4854.678;270.134;6.761;77.99;56;0.0774;86;0.000119184;63;1.4476;3.42620;6.7713;272.71;9999.00;
22/07/2019 03:15:36.176;100;-13036.411;4854.678;272.821;6.706;77.27;55;0.0645;91;0.000134464;60;1.1374;3.42150;6.7130;276.97;9999.00;
22/07/2019 03:16:06.183;100;-13036.411;4854.678;277.962;6.660;76.37;52;0.0258;86;0.000119184;62;1.3442;3.41781;6.6672;280.71;9999.00;
22/07/2019 03:16:36.188;100;-13036.411;4854.678;280.649;6.633;75.26;51;0.0129;86;0.000119184;60;1.1374;3.41586;6.6425;284.98;9999.00;
22/07/2019 03:17:06.197;100;-13036.411;4854.678;285.789;6.606;75.43;51;0.0129;87;0.000122240;62;1.3442;3.41419;6.6219;288.64;9999.00;
22/07/2019 03:17:36.210;100;-13036.411;4854.678;288.328;6.560;74.32;51;0.0129;87;0.000122240;62;1.3442;3.40985;6.5677;292.75;9999.00;
22/07/2019 03:18:06.215;100;-13036.411;4854.678;293.342;6.540;73.61;54;0.0516;86;0.000119184;63;1.4476;3.40792;6.5433;296.32;9999.00;
22/07/2019 03:18:36.223;100;-13036.411;4854.678;295.796;6.503;73.14;54;0.0516;89;0.000128352;62;1.3442;3.40525;6.5088;300.35;9999.00;
22/07/2019 03:19:06.227;100;-13036.411;4854.678;300.830;6.478;72.33;54;0.0516;88;0.000125296;63;1.4476;3.40294;6.4806;303.90;9999.00;
22/07/2019 03:19:36.235;100;-13036.411;4854.678;303.305;6.445;72.21;53;0.0387;85;0.000116128;61;1.2408;3.40037;6.4494;307.93;9999.00;
22/07/2019 03:20:06.240;100;-13036.411;4854.678;308.170;6.387;71.83;54;0.0516;83;0.000110016;61;1.2408;3.39621;6.3976;311.42;9999.00;
22/07/2019 03:20:36.246;100;-13036.411;4854.678;310.603;6.366;71.09;52;0.0258;84;0.000113072;61;1.2408;3.39393;6.3700;315.40;9999.00;
22/07/2019 03:21:06.253;100;-13036.411;4854.678;315.510;6.345;70.38;52;0.0258;85;0.000116128;63;1.4476;3.39259;6.3523;318.88;9999.00;
22/07/2019 03:21:36.259;100;-13036.411;4854.678;318.006;6.313;68.81;52;0.0258;86;0.000119184;60;1.1374;3.39010;6.3183;322.88;9999.00;
22/07/2019 03:22:06.266;100;-13036.411;4854.678;322.935;6.299;68.38;53;0.0387;99;0.000158912;62;1.3442;3.38894;6.3043;326.40;9999.00;
22/07/2019 03:22:36.272;100;-13036.411;4854.678;325.325;6.290;68.32;53;0.0387;86;0.000119184;63;1.4476;3.38827;6.2948;330.36;9999.00;
22/07/2019 03:23:06.279;100;-13036.411;4854.678;330.168;6.271;68.32;52;0.0258;87;0.000122240;60;1.1374;3.38717;6.2804;333.81;9999.00;
22/07/2019 03:23:36.285;100;-13036.411;4854.678;332.622;6.245;68.14;54;0.0516;89;0.000128352;60;1.1374;3.38469;6.2494;337.76;9999.00;
22/07/2019 03:24:06.292;100;-13036.411;4854.678;337.465;6.199;67.07;54;0.0516;82;0.000106960;61;1.2408;3.38126;6.2055;341.21;9999.00;
22/07/2019 03:24:36.299;100;-13036.411;4854.678;339.897;6.161;66.66;54;0.0516;86;0.000119184;59;1.0340;3.37788;6.1648;345.08;9999.00;
22/07/2019 03:25:06.305;100;-13036.411;4854.678;344.508;6.154;66.22;53;0.0387;87;0.000122240;61;1.2408;3.37762;6.1603;348.40;9999.00;
22/07/2019 03:25:36.312;100;-13036.411;4854.678;346.898;6.130;65.20;53;0.0387;84;0.000113072;59;1.0340;3.37556;6.1328;352.22;9999.00;
22/07/2019 03:26:06.322;100;-13036.411;4854.678;351.593;6.114;64.72;53;0.0387;85;0.000116128;60;1.1374;3.37464;6.1205;355.52;9999.00;
22/07/2019 03:26:36.327;100;-13036.411;4854.678;353.813;6.093;64.14;54;0.0516;85;0.000116128;62;1.3442;3.37283;6.0966;359.28;9999.00;
22/07/2019 03:27:06.333;100;-13036.411;4854.678;358.445;6.084;63.91;53;0.0387;85;0.000116128;60;1.1374;3.37228;6.0890;362.56;9999.00;
22/07/2019 03:27:36.339;100;-13036.411;4854.678;360.792;6.039;63.19;53;0.0387;89;0.000128352;62;1.3442;3.36883;6.0449;366.27;9999.00;
22/07/2019 03:28:06.346;100;-13036.411;4854.678;365.339;6.025;62.72;54;0.0516;84;0.000113072;61;1.2408;3.36762;6.0300;369.51;9999.00;
22/07/2019 03:28:36.352;100;-13036.411;4854.678;367.581;6.007;62.19;51;0.0129;85;0.000116128;61;1.2408;3.36628;6.0112;373.25;9999.00;
22/07/2019 03:29:06.365;100;-13036.411;4854.678;372.085;5.972;61.38;54;0.0516;82;0.000106960;61;1.2408;3.36390;5.9804;376.47;9999.00;
22/07/2019 03:29:36.373;100;-13036.411;4854.678;374.305;5.956;60.47;53;0.0387;81;0.000103904;62;1.3442;3.36237;5.9601;380.09;9999.00;
22/07/2019 03:30:06.381;100;-13036.411;4854.678;378.725;5.924;59.89;53;0.0387;84;0.000113072;60;1.1374;3.36000;5.9312;383.22;9999.00;
22/07/2019 03:30:36.388;100;-13036.411;4854.678;380.945;5.915;59.52;54;0.0516;83;0.000110016;60;1.1374;3.35912;5.9190;386.76;9999.00;
22/07/2019 03:31:06.394;100;-13036.411;4854.678;385.217;5.883;59.18;51;0.0129;84;0.000113072;61;1.2408;3.35752;5.8990;389.82;9999.00;
22/07/2019 03:31:36.401;100;-13036.411;4854.678;387.374;5.865;58.37;54;0.0516;80;0.000100848;63;1.4476;3.35532;5.8706;393.31;9999.00;
22/07/2019 03:32:06.418;100;-13036.411;4854.678;391.645;5.847;57.64;50;0.0000;82;0.000106960;63;1.4476;3.35416;5.8544;396.36;9999.00;
22/07/2019 03:32:36.423;100;-13036.411;4854.678;393.780;5.835;57.20;53;0.0387;86;0.000119184;62;1.3442;3.35319;5.8413;399.82;9999.00;
22/07/2019 03:33:06.430;100;-13036.411;4854.678;397.988;5.806;56.38;54;0.0516;80;0.000100848;62;1.3442;3.35179;5.8221;402.86;9999.00;
22/07/2019 03:33:36.437;100;-13036.411;4854.678;400.145;5.780;55.13;54;0.0516;83;0.000110016;65;1.6544;3.34897;5.7845;406.33;9999.00;
22/07/2019 03:34:06.441;100;-13036.411;4854.678;404.479;5.771;54.77;55;0.0645;84;0.000113072;62;1.3442;3.34835;5.7762;409.36;9999.00;
22/07/2019 03:34:36.448;100;-13036.411;4854.678;406.467;5.750;54.20;56;0.0774;80;0.000100848;60;1.1374;3.34685;5.7561;412.80;9999.00;
22/07/2019 03:35:06.453;100;-13036.411;4854.678;410.696;5.722;53.62;56;0.0774;79;0.000097792;63;1.4476;3.34557;5.7390;415.79;9999.00;
22/07/2019 03:35:36.461;100;-13036.411;4854.678;412.810;5.687;53.00;55;0.0645;92;0.000137520;64;1.5510;3.34210;5.6971;419.18;9999.00;
22/07/2019 03:36:06.467;100;-13036.411;4854.678;416.933;5.661;52.54;56;0.0774;84;0.000113072;66;1.7578;3.33971;5.6668;422.13;9999.00;
22/07/2019 03:36:36.479;100;-13036.411;4854.678;418.941;5.648;52.25;56;0.0774;80;0.000100848;63;1.4476;3.33873;5.6546;425.51;9999.00;
22/07/2019 03:37:06.484;100;-13036.411;4854.678;423.170;5.637;51.45;53;0.0387;79;0.000097792;64;1.5510;3.33793;5.6424;428.48;9999.00;
22/07/2019 03:37:36.493;100;-13036.411;4854.678;425.220;5.608;50.89;52;0.0258;80;0.000100848;61;1.2408;3.33577;5.6147;431.87;9999.00;
22/07/2019 03:38:06.499;100;-13036.411;4854.678;429.406;5.554;52.08;53;0.0387;81;0.000103904;62;1.3442;3.33177;5.5709;434.83;9999.00;
22/07/2019 03:38:36.504;100;-13036.411;4854.678;431.521;5.494;54.33;52;0.0258;86;0.000119184;61;1.2408;3.32491;5.4989;438.21;9999.00;
22/07/2019 03:39:06.510;100;-13036.411;4854.678;435.622;5.546;49.64;53;0.0387;82;0.000106960;63;1.4476;3.33142;5.5602;441.16;9999.00;
22/07/2019 03:39:36.518;100;-13036.411;4854.678;437.673;5.531;49.68;54;0.0516;81;0.000103904;63;1.4476;3.32934;5.5350;444.46;9999.00;
22/07/2019 03:40:06.534;100;-13036.411;4854.678;441.647;5.466;50.53;55;0.0645;82;0.000106960;63;1.4476;3.32746;5.5146;447.33;9999.00;
22/07/2019 03:40:36.551;100;-13036.411;4854.678;443.698;5.365;54.97;50;0.0000;88;0.000125296;62;1.3442;3.31370;5.3705;450.55;9999.00;
22/07/2019 03:41:06.557;100;-13036.411;4854.678;447.587;5.299;57.66;55;0.0645;80;0.000100848;63;1.4476;3.30725;5.3041;453.33;9999.00;
22/07/2019 03:41:36.575;100;-13036.411;4854.678;449.490;5.280;57.56;53;0.0387;81;0.000103904;63;1.4476;3.30573;5.2874;456.46;9999.00;
22/07/2019 03:42:06.580;100;-13036.411;4854.678;453.379;5.299;51.90;55;0.0645;86;0.000119184;61;1.2408;3.30568;5.2757;459.17;9999.00;
22/07/2019 03:42:36.588;100;-13036.411;4854.678;455.218;5.316;49.89;51;0.0129;77;0.000091680;63;1.4476;3.31072;5.3212;462.28;9999.00;
22/07/2019 03:43:06.594;100;-13036.411;4854.678;459.045;5.261;48.71;54;0.0516;82;0.000106960;63;1.4476;3.30723;5.2754;465.01;9999.00;
22/07/2019 03:43:36.601;100;-13036.411;4854.678;460.989;5.227;47.57;54;0.0516;80;0.000100848;61;1.2408;3.30407;5.2359;468.16;9999.00;
22/07/2019 03:44:06.606;100;-13036.411;4854.678;464.900;5.203;47.27;53;0.0387;79;0.000097792;62;1.3442;3.30174;5.2079;470.89;9999.00;
22/07/2019 03:44:36.614;100;-13036.411;4854.678;466.718;5.187;47.38;53;0.0387;79;0.000097792;63;1.4476;3.30057;5.1946;474.03;9999.00;
22/07/2019 03:45:06.621;100;-13036.411;4854.678;470.544;5.171;47.11;53;0.0387;79;0.000097792;62;1.3442;3.29916;5.1767;476.78;9999.00;
22/07/2019 03:45:36.628;100;-13036.411;4854.678;472.573;5.172;44.89;54;0.0516;97;0.000152800;60;1.1374;3.29989;5.1768;479.91;9999.00;
22/07/2019 03:46:06.636;100;-13036.411;4854.678;476.399;5.175;43.67;53;0.0387;82;0.000106960;63;1.4476;3.30062;5.1801;482.67;9999.00;
22/07/2019 03:46:36.642;100;-13036.411;4854.678;478.428;5.156;39.75;54;0.0516;79;0.000097792;61;1.2408;3.30077;5.1659;485.84;9999.00;
22/07/2019 03:47:06.650;100;-13036.411;4854.678;482.211;5.152;39.03;55;0.0645;77;0.000091680;63;1.4476;3.30021;5.1576;488.56;9999.00;
22/07/2019 03:47:36.656;100;-13036.411;4854.678;484.135;5.149;38.88;55;0.0645;77;0.000091680;62;1.3442;3.29991;5.1522;491.71;9999.00;
22/07/2019 03:48:06.661;100;-13036.411;4854.678;488.045;5.140;38.68;54;0.0516;76;0.000088624;64;1.5510;3.29946;5.1454;494.51;9999.00;
22/07/2019 03:48:36.667;100;-13036.411;4854.678;490.031;5.131;38.55;52;0.0258;78;0.000094736;65;1.6544;3.29884;5.1367;497.71;9999.00;
22/07/2019 03:49:06.675;100;-13036.411;4854.678;493.920;5.120;38.49;52;0.0258;84;0.000113072;63;1.4476;3.29819;5.1272;500.51;9999.00;
22/07/2019 03:49:36.680;100;-13036.411;4854.678;495.992;5.105;38.47;52;0.0258;79;0.000097792;64;1.5510;3.29655;5.1076;503.76;9999.00;
22/07/2019 03:50:06.687;100;-13036.411;4854.678;499.944;5.012;39.76;52;0.0258;78;0.000094736;61;1.2408;3.28887;5.0236;506.61;9999.00;
22/07/2019 03:50:36.694;100;-13036.411;4854.678;502.036;4.980;40.43;55;0.0645;81;0.000103904;65;1.6544;3.28527;4.9844;509.92;9999.00;
22/07/2019 03:51:06.700;100;-13036.411;4854.678;506.157;4.963;40.52;53;0.0387;80;0.000100848;61;1.2408;3.28394;4.9690;512.83;9999.00;
22/07/2019 03:51:36.706;100;-13036.411;4854.678;508.144;4.950;40.37;52;0.0258;79;0.000097792;61;1.2408;3.28290;4.9547;516.16;9999.00;
22/07/2019 03:52:06.714;100;-13036.411;4854.678;512.180;4.923;39.56;50;0.0000;83;0.000110016;61;1.2408;3.28098;4.9291;519.06;9999.00;
22/07/2019 03:52:36.720;100;-13036.411;4854.678;514.336;4.910;39.26;53;0.0387;80;0.000100848;64;1.5510;3.28024;4.9187;522.44;9999.00;
22/07/2019 03:53:06.728;100;-13036.411;4854.678;518.520;4.897;38.89;55;0.0645;76;0.000088624;65;1.6544;3.27919;4.9048;525.49;9999.00;
22/07/2019 03:53:36.733;100;-13036.411;4854.678;520.697;4.893;38.20;54;0.0516;76;0.000088624;60;1.1374;3.27892;4.8982;529.01;9999.00;
22/07/2019 03:54:06.741;100;-13036.411;4854.678;525.008;4.860;37.06;55;0.0645;81;0.000103904;65;1.6544;3.27740;4.8743;532.07;9999.00;
22/07/2019 03:54:36.749;100;-13036.411;4854.678;527.163;4.849;36.68;52;0.0258;79;0.000097792;61;1.2408;3.27595;4.8560;535.60;9999.00;
22/07/2019 03:55:06.756;100;-13036.411;4854.678;531.517;4.821;36.88;53;0.0387;79;0.000097792;62;1.3442;3.27368;4.8295;538.65;9999.00;
22/07/2019 03:55:36.769;100;-13036.411;4854.678;533.545;4.758;37.63;53;0.0387;81;0.000103904;63;1.4476;3.26799;4.7652;542.09;9999.00;
22/07/2019 03:56:06.776;100;-13036.411;4854.678;537.856;4.762;37.34;52;0.0258;78;0.000094736;63;1.4476;3.26818;4.7667;545.12;9999.00;
22/07/2019 03:56:36.783;100;-13036.411;4854.678;540.054;4.758;36.44;52;0.0258;76;0.000088624;64;1.5510;3.26815;4.7622;548.62;9999.00;
22/07/2019 03:57:06.787;100;-13036.411;4854.678;544.259;4.760;35.83;53;0.0387;83;0.000110016;63;1.4476;3.26878;4.7649;551.69;9999.00;
22/07/2019 03:57:36.796;100;-13036.411;4854.678;546.414;4.766;33.75;52;0.0258;77;0.000091680;64;1.5510;3.27022;4.7728;555.15;9999.00;
22/07/2019 03:58:06.803;100;-13036.411;4854.678;550.661;4.765;33.35;52;0.0258;80;0.000100848;64;1.5510;3.27021;4.7707;558.18;9999.00;
22/07/2019 03:58:36.810;100;-13036.411;4854.678;552.753;4.745;32.85;53;0.0387;77;0.000091680;62;1.3442;3.26870;4.7495;561.66;9999.00;
22/07/2019 03:59:06.818;100;-13036.411;4854.678;557.084;4.722;32.96;57;0.0903;77;0.000091680;64;1.5510;3.26733;4.7328;564.71;9999.00;
22/07/2019 03:59:36.829;100;-13036.411;4854.678;559.176;4.702;32.49;54;0.0516;77;0.000091680;61;1.2408;3.26397;4.6907;568.17;9999.00;
22/07/2019 04:00:06.835;100;-13036.411;4854.678;563.529;4.691;31.06;53;0.0387;80;0.000100848;61;1.2408;3.26576;4.7046;571.26;9999.00;
22/07/2019 04:00:36.843;100;-13036.411;4854.678;565.663;4.667;31.27;56;0.0774;83;0.000110016;63;1.4476;3.26278;4.6694;574.78;9999.00;
22/07/2019 04:01:06.851;100;-13036.411;4854.678;570.015;4.618;31.86;51;0.0129;80;0.000100848;62;1.3442;3.25901;4.6275;577.86;9999.00;
22/07/2019 04:01:36.858;100;-13036.411;4854.678;572.107;4.595;31.23;50;0.0000;79;0.000097792;63;1.4476;3.25695;4.6005;581.39;9999.00;
22/07/2019 04:02:06.863;100;-13036.411;4854.678;576.480;4.567;30.58;52;0.0258;80;0.000100848;62;1.3442;3.25491;4.5741;584.46;9999.00;
22/07/2019 04:02:36.869;100;-13036.411;4854.678;578.635;4.550;28.51;52;0.0258;77;0.000091680;63;1.4476;3.25439;4.5556;587.99;9999.00;
22/07/2019 04:03:06.877;100;-13036.411;4854.678;583.008;4.546;27.83;57;0.0903;77;0.000091680;62;1.3442;3.25409;4.5499;591.10;9999.00;
22/07/2019 04:03:36.883;100;-13036.411;4854.678;585.227;4.545;27.77;53;0.0387;82;0.000106960;65;1.6544;3.25423;4.5496;594.68;9999.00;
22/07/2019 04:04:06.888;100;-13036.411;4854.678;589.663;4.547;27.48;54;0.0516;78;0.000094736;64;1.5510;3.25459;4.5511;597.84;9999.00;
22/07/2019 04:04:36.895;100;-13036.411;4854.678;591.839;4.557;26.87;55;0.0645;78;0.000094736;64;1.5510;3.25576;4.5597;601.45;9999.00;
22/07/2019 04:05:06.902;100;-13036.411;4854.678;596.297;4.550;24.81;54;0.0516;77;0.000091680;63;1.4476;3.25616;4.5521;604.58;9999.00;
22/07/2019 04:05:36.908;100;-13036.411;4854.678;598.409;4.542;24.46;54;0.0516;78;0.000094736;62;1.3442;3.25582;4.5468;608.11;9999.00;
22/07/2019 04:06:06.914;100;-13036.411;4854.678;602.719;4.534;24.41;54;0.0516;96;0.000149744;61;1.2408;3.25523;4.5385;611.18;9999.00;
22/07/2019 04:06:36.921;100;-13036.411;4854.678;604.852;4.525;24.35;53;0.0387;76;0.000088624;63;1.4476;3.25482;4.5316;614.67;9999.00;
22/07/2019 04:07:06.926;100;-13036.411;4854.678;609.077;4.502;24.52;53;0.0387;79;0.000097792;61;1.2408;3.25299;4.5102;617.69;9999.00;
22/07/2019 04:07:36.934;100;-13036.411;4854.678;611.232;4.495;24.23;55;0.0645;77;0.000091680;61;1.2408;3.25245;4.5009;621.16;9999.00;
22/07/2019 04:08:06.941;100;-13036.411;4854.678;615.520;4.493;23.83;54;0.0516;81;0.000103904;63;1.4476;3.25252;4.4983;624.17;9999.00;
22/07/2019 04:08:36.949;100;-13036.411;4854.678;617.611;4.463;22.98;52;0.0258;77;0.000091680;61;1.2408;3.25047;4.4683;627.60;9999.00;
22/07/2019 04:09:06.953;100;-13036.411;4854.678;621.751;4.461;22.51;56;0.0774;78;0.000094736;65;1.6544;3.25054;4.4662;630.55;9999.00;
22/07/2019 04:09:36.960;100;-13036.411;4854.678;623.800;4.459;22.39;51;0.0129;78;0.000094736;62;1.3442;3.25057;4.4648;633.92;9999.00;
22/07/2019 04:10:06.967;100;-13036.411;4854.678;627.961;4.459;22.13;55;0.0645;76;0.000088624;63;1.4476;3.25073;4.4642;636.89;9999.00;
22/07/2019 04:10:36.973;100;-13036.411;4854.678;630.052;4.430;21.63;54;0.0516;81;0.000103904;62;1.3442;3.24867;4.4347;640.22;9999.00;
22/07/2019 04:11:06.979;100;-13036.411;4854.678;634.129;4.437;20.48;52;0.0258;78;0.000094736;65;1.6544;3.24994;4.4430;643.14;9999.00;
22/07/2019 04:11:36.985;100;-13036.411;4854.678;636.157;4.437;19.95;53;0.0387;75;0.000085568;65;1.6544;3.25039;4.4429;646.44;9999.00;
22/07/2019 04:12:06.992;100;-13036.411;4854.678;640.191;4.419;19.27;50;0.0000;194;0.000449232;62;1.3442;3.24983;4.4316;649.35;9999.00;
22/07/2019 04:12:36.998;100;-13036.411;4854.678;642.303;4.410;18.37;55;0.0645;76;0.000088624;62;1.3442;3.24916;4.4166;652.71;9999.00;
22/07/2019 04:13:07.003;100;-13036.411;4854.678;646.400;4.408;17.31;56;0.0774;79;0.000097792;64;1.5510;3.24933;4.4116;655.64;9999.00;
22/07/2019 04:13:37.009;100;-13036.411;4854.678;648.428;4.381;16.78;54;0.0516;77;0.000091680;61;1.2408;3.24788;4.3891;659.01;9999.00;
22/07/2019 04:14:07.016;100;-13036.411;4854.678;652.589;4.367;16.36;52;0.0258;78;0.000094736;63;1.4476;3.24682;4.3738;661.95;9999.00;
22/07/2019 04:14:37.023;100;-13036.411;4854.678;654.616;4.355;15.60;54;0.0516;79;0.000097792;62;1.3442;3.24630;4.3600;665.27;9999.00;
22/07/2019 04:15:07.028;100;-13036.411;4854.678;658.756;4.351;14.86;54;0.0516;77;0.000091680;60;1.1374;3.24693;4.3619;668.20;9999.00;
22/07/2019 04:15:37.036;100;-13036.411;4854.678;660.825;4.345;14.53;55;0.0645;80;0.000100848;62;1.3442;3.24638;4.3515;671.58;9999.00;
22/07/2019 04:16:07.041;100;-13036.411;4854.678;664.901;4.355;14.15;52;0.0258;79;0.000097792;61;1.2408;3.24747;4.3602;674.52;9999.00;
22/07/2019 04:16:37.048;100;-13036.411;4854.678;667.055;4.335;13.63;54;0.0516;75;0.000085568;61;1.2408;3.24675;4.3458;677.92;9999.00;
22/07/2019 04:17:07.055;100;-13036.411;4854.678;671.279;4.313;13.61;51;0.0129;76;0.000088624;64;1.5510;3.24485;4.3216;680.95;9999.00;
22/07/2019 04:17:37.062;100;-13036.411;4854.678;673.454;4.284;13.48;56;0.0774;78;0.000094736;62;1.3442;3.24222;4.2883;684.45;9999.00;
22/07/2019 04:18:07.069;100;-13036.411;4854.678;677.783;4.273;13.23;52;0.0258;73;0.000079456;64;1.5510;3.24171;4.2797;687.54;9999.00;
22/07/2019 04:18:37.075;100;-13036.411;4854.678;679.874;4.275;12.34;52;0.0258;77;0.000091680;62;1.3442;3.24263;4.2818;691.03;9999.00;
22/07/2019 04:19:07.081;100;-13036.411;4854.678;684.119;4.277;12.03;53;0.0387;79;0.000097792;63;1.4476;3.24296;4.2824;694.09;9999.00;
22/07/2019 04:19:37.095;100;-13036.411;4854.678;686.315;4.277;11.90;52;0.0258;80;0.000100848;61;1.2408;3.24328;4.2838;697.55;9999.00;
22/07/2019 04:20:07.102;100;-13036.411;4854.678;690.580;4.274;11.83;52;0.0258;76;0.000088624;63;1.4476;3.24312;4.2797;700.58;9999.00;
22/07/2019 04:20:37.108;100;-13036.411;4854.678;692.650;4.268;11.80;53;0.0387;79;0.000097792;62;1.3442;3.24279;4.2735;704.08;9999.00;
22/07/2019 04:21:07.115;100;-13036.411;4854.678;696.936;4.255;11.66;56;0.0774;79;0.000097792;64;1.5510;3.24234;4.2653;707.13;9999.00;
22/07/2019 04:21:37.123;100;-13036.411;4854.678;699.132;4.238;11.63;53;0.0387;76;0.000088624;65;1.6544;3.24069;4.2432;710.62;9999.00;
22/07/2019 04:22:07.128;118;-13036.411;4854.678;702.088;4.232;11.52;52;0.0258;77;0.000091680;60;1.1374;3.23993;4.2334;712.16;9999.00;
22/07/2019 04:22:37.134;118;-13036.411;4854.678;699.639;4.247;11.64;53;0.0387;77;0.000091680;63;1.4476;3.24116;4.2519;709.54;9999.00;
22/07/2019 04:23:07.141;118;-13036.411;4854.678;695.902;4.271;11.79;53;0.0387;76;0.000088624;65;1.6544;3.24284;4.2759;703.96;9999.00;
22/07/2019 04:23:37.148;117;-13036.411;4854.678;685.871;4.271;12.04;52;0.0258;77;0.000091680;63;1.4476;3.24262;4.2795;696.04;9999.00;
22/07/2019 04:24:07.157;117;-13036.411;4854.678;681.035;4.282;13.34;54;0.0516;83;0.000110016;65;1.6544;3.24192;4.2845;689.15;9999.00;
22/07/2019 04:24:37.161;117;-13036.411;4854.678;671.406;4.328;13.54;52;0.0258;79;0.000097792;60;1.1374;3.24493;4.3267;681.30;9999.00;
22/07/2019 04:25:07.168;117;-13036.411;4854.678;666.633;4.348;14.23;54;0.0516;76;0.000088624;62;1.3442;3.24686;4.3568;674.53;9999.00;
22/07/2019 04:25:37.175;117;-13036.411;4854.678;656.834;4.369;15.73;56;0.0774;77;0.000091680;62;1.3442;3.24654;4.3697;666.46;9999.00;
22/07/2019 04:26:07.181;117;-13036.411;4854.678;651.913;4.407;16.62;53;0.0387;73;0.000079456;64;1.5510;3.24951;4.4111;659.47;9999.00;
22/07/2019 04:26:37.187;117;-13036.411;4854.678;642.472;4.418;18.44;55;0.0645;73;0.000079456;65;1.6544;3.24931;4.4246;651.80;9999.00;
22/07/2019 04:27:07.194;117;-13036.411;4854.678;637.825;4.420;19.99;53;0.0387;78;0.000094736;64;1.5510;3.24905;4.4320;645.13;9999.00;
22/07/2019 04:27:37.200;117;-13036.411;4854.678;628.299;4.461;21.88;51;0.0129;80;0.000100848;64;1.5510;3.25079;4.4667;637.44;9999.00;
22/07/2019 04:28:07.207;117;-13036.411;4854.678;623.526;4.471;22.56;52;0.0258;116;0.000210864;62;1.3442;3.25069;4.4722;630.66;9999.00;
22/07/2019 04:28:37.215;117;-13036.411;4854.678;613.851;4.511;23.43;53;0.0387;77;0.000091680;64;1.5510;3.25379;4.5157;622.76;9999.00;
22/07/2019 04:29:07.220;117;-13036.411;4854.678;608.929;4.531;23.78;53;0.0387;77;0.000091680;62;1.3442;3.25505;4.5347;615.79;9999.00;
22/07/2019 04:29:37.227;117;-13036.411;4854.678;599.317;4.560;24.40;53;0.0387;79;0.000097792;64;1.5510;3.25686;4.5626;607.95;9999.00;
22/07/2019 04:30:07.236;117;-13036.411;4854.678;594.459;4.547;26.48;55;0.0645;79;0.000097792;63;1.4476;3.25497;4.5528;600.93;9999.00;
22/07/2019 04:30:37.243;117;-13036.411;4854.678;584.656;4.534;28.04;55;0.0645;78;0.000094736;63;1.4476;3.25302;4.5405;593.04;9999.00;
22/07/2019 04:31:07.393;117;-13036.411;4854.678;579.881;4.572;28.71;54;0.0516;78;0.000094736;63;1.4476;3.25627;4.5850;586.19;9999.00;
22/07/2019 04:31:37.400;117;-13036.411;4854.678;570.247;4.665;30.91;56;0.0774;80;0.000100848;62;1.3442;3.26031;4.6458;578.32;9999.00;
22/07/2019 04:32:07.405;117;-13036.411;4854.678;565.346;4.679;31.11;53;0.0387;80;0.000100848;65;1.6544;3.26313;4.6802;571.41;9999.00;
22/07/2019 04:32:37.422;117;-13036.411;4854.678;555.774;4.746;32.16;53;0.0387;77;0.000091680;63;1.4476;3.26894;4.7559;563.66;9999.00;
22/07/2019 04:33:07.428;117;-13036.411;4854.678;551.020;4.754;34.20;54;0.0516;77;0.000091680;62;1.3442;3.26871;4.7610;556.83;9999.00;
22/07/2019 04:33:37.434;117;-13036.411;4854.678;541.533;4.752;35.52;54;0.0516;80;0.000100848;64;1.5510;3.26765;4.7585;549.12;9999.00;
22/07/2019 04:34:07.439;117;-13036.411;4854.678;536.842;4.814;36.49;52;0.0258;78;0.000094736;61;1.2408;3.27254;4.8198;542.43;9999.00;
22/07/2019 04:34:37.447;117;-13036.411;4854.678;527.354;4.854;36.85;54;0.0516;80;0.000100848;61;1.2408;3.27505;4.8544;534.64;9999.00;
22/07/2019 04:35:07.455;117;-13036.411;4854.678;522.683;4.916;37.99;53;0.0387;77;0.000091680;61;1.2408;3.28010;4.9177;527.95;9999.00;
22/07/2019 04:35:37.462;117;-13036.411;4854.678;513.364;4.966;39.19;50;0.0000;76;0.000088624;62;1.3442;3.28345;4.9629;520.41;9999.00;
22/07/2019 04:36:07.476;117;-13036.411;4854.678;508.757;5.040;37.98;55;0.0645;78;0.000094736;62;1.3442;3.29089;5.0445;512.86;9999.00;
22/07/2019 04:36:37.483;117;-13036.411;4854.678;499.246;5.103;37.43;52;0.0258;78;0.000094736;63;1.4476;3.29460;5.0875;506.01;9999.00;
22/07/2019 04:37:07.490;117;-13036.411;4854.678;494.216;5.123;37.73;52;0.0258;78;0.000094736;62;1.3442;3.29769;5.1265;498.09;9999.00;
22/07/2019 04:37:37.496;117;-13036.411;4854.678;484.684;5.153;38.49;52;0.0258;77;0.000091680;62;1.3442;3.29991;5.1571;491.23;9999.00;
22/07/2019 04:38:07.502;117;-13036.411;4854.678;479.865;5.161;42.23;54;0.0516;79;0.000097792;63;1.4476;3.29932;5.1675;483.48;9999.00;
22/07/2019 04:38:37.507;117;-13036.411;4854.678;470.501;5.169;44.49;50;0.0000;79;0.000097792;60;1.1374;3.29903;5.1729;476.83;9999.00;
22/07/2019 04:39:07.514;117;-13036.411;4854.678;465.872;5.223;46.00;54;0.0516;82;0.000106960;64;1.5510;3.30318;5.2289;469.25;9999.00;
22/07/2019 04:39:37.521;117;-13036.411;4854.678;456.656;5.241;47.13;52;0.0258;82;0.000106960;62;1.3442;3.30394;5.2433;462.70;9999.00;
22/07/2019 04:40:07.528;117;-13036.411;4854.678;452.026;5.254;50.29;55;0.0645;79;0.000097792;61;1.2408;3.30431;5.2606;455.24;9999.00;
22/07/2019 04:40:37.533;117;-13036.411;4854.678;442.873;5.297;54.40;52;0.0258;83;0.000110016;62;1.3442;3.30576;5.2919;448.69;9999.00;
22/07/2019 04:41:07.539;117;-13036.411;4854.678;438.138;5.375;52.62;54;0.0516;83;0.000110016;63;1.4476;3.31378;5.3806;441.05;9999.00;
22/07/2019 04:41:37.547;117;-13036.411;4854.678;428.814;5.380;55.19;53;0.0387;81;0.000103904;61;1.2408;3.31191;5.3685;434.41;9999.00;
22/07/2019 04:42:07.555;117;-13036.411;4854.678;424.311;5.400;54.84;54;0.0516;83;0.000110016;65;1.6544;3.31516;5.4072;426.93;9999.00;
22/07/2019 04:42:37.561;117;-13036.411;4854.678;414.903;5.568;53.20;54;0.0516;79;0.000097792;61;1.2408;3.32856;5.5611;420.26;9999.00;
22/07/2019 04:43:07.570;117;-13036.411;4854.678;410.357;5.662;51.57;56;0.0774;79;0.000097792;62;1.3442;3.33814;5.6623;412.76;9999.00;
22/07/2019 04:43:37.576;117;-13036.411;4854.678;401.012;5.702;52.60;55;0.0645;79;0.000097792;64;1.5510;3.34157;5.7068;406.13;9999.00;
22/07/2019 04:44:07.582;117;-13036.411;4854.678;396.402;5.723;54.34;54;0.0516;81;0.000103904;64;1.5510;3.34305;5.7304;398.49;9999.00;
22/07/2019 04:44:37.588;117;-13036.411;4854.678;386.993;5.761;55.31;55;0.0645;85;0.000116128;64;1.5510;3.34541;5.7614;391.87;9999.00;
22/07/2019 04:45:07.595;117;-13036.411;4854.678;382.404;5.833;57.03;52;0.0258;79;0.000097792;60;1.1374;3.35127;5.8348;384.35;9999.00;
22/07/2019 04:45:37.608;117;-13036.411;4854.678;373.142;5.884;58.71;54;0.0516;86;0.000119184;61;1.2408;3.35534;5.8892;377.74;9999.00;
22/07/2019 04:46:07.615;117;-13036.411;4854.678;368.469;5.908;59.60;53;0.0387;82;0.000106960;63;1.4476;3.35686;5.9094;370.15;9999.00;
22/07/2019 04:46:37.630;117;-13036.411;4854.678;359.143;5.966;61.11;56;0.0774;85;0.000116128;61;1.2408;3.36143;5.9683;363.51;9999.00;
22/07/2019 04:47:07.638;117;-13036.411;4854.678;354.596;5.986;61.81;52;0.0258;81;0.000103904;61;1.2408;3.36308;5.9905;356.00;9999.00;
22/07/2019 04:47:37.642;117;-13036.411;4854.678;345.312;6.051;62.93;53;0.0387;86;0.000119184;64;1.5510;3.36699;6.0412;349.41;9999.00;
22/07/2019 04:48:07.650;117;-13036.411;4854.678;340.849;6.101;64.67;53;0.0387;85;0.000116128;60;1.1374;3.37198;6.1044;342.09;9999.00;
22/07/2019 04:48:37.657;117;-13036.411;4854.678;331.733;6.149;65.10;53;0.0387;85;0.000116128;61;1.2408;3.37458;6.1375;335.64;9999.00;
22/07/2019 04:49:07.664;117;-13036.411;4854.678;327.271;6.193;65.65;52;0.0258;82;0.000106960;62;1.3442;3.37943;6.1981;328.30;9999.00;
22/07/2019 04:49:37.672;117;-13036.411;4854.678;318.408;6.267;67.03;51;0.0129;85;0.000116128;63;1.4476;3.38510;6.2684;322.04;9999.00;
22/07/2019 04:50:07.679;117;-13036.411;4854.678;313.966;6.340;68.30;56;0.0774;86;0.000119184;62;1.3442;3.39117;6.3462;314.82;9999.00;
22/07/2019 04:50:37.684;117;-13036.411;4854.678;305.336;6.365;70.03;54;0.0516;84;0.000113072;62;1.3442;3.39270;6.3664;308.66;9999.00;
22/07/2019 04:51:07.691;117;-13036.411;4854.678;300.936;6.413;70.84;54;0.0516;84;0.000113072;62;1.3442;3.39676;6.4190;301.62;9999.00;
22/07/2019 04:51:37.698;117;-13036.411;4854.678;292.474;6.469;71.94;53;0.0387;88;0.000125296;63;1.4476;3.40116;6.4732;295.60;9999.00;
22/07/2019 04:52:07.705;117;-13036.411;4854.678;288.201;6.476;71.90;53;0.0387;85;0.000116128;61;1.2408;3.40159;6.4789;288.74;9999.00;
22/07/2019 04:52:37.711;117;-13036.411;4854.678;279.866;6.499;72.11;53;0.0387;85;0.000116128;61;1.2408;3.40314;6.5007;282.77;9999.00;
22/07/2019 04:53:07.719;117;-13036.411;4854.678;275.550;6.546;75.33;52;0.0258;88;0.000125296;64;1.5510;3.40665;6.5495;275.85;9999.00;
22/07/2019 04:53:37.724;117;-13036.411;4854.678;267.236;6.588;76.51;51;0.0129;87;0.000122240;64;1.5510;3.40972;6.5892;269.90;9999.00;
22/07/2019 04:54:07.738;117;-13036.411;4854.678;263.068;6.647;77.35;55;0.0645;86;0.000119184;61;1.2408;3.41466;6.6508;263.16;9999.00;
22/07/2019 04:54:37.745;117;-13036.411;4854.678;254.880;6.681;76.91;51;0.0129;86;0.000119184;61;1.2408;3.41761;6.6871;257.32;9999.00;
22/07/2019 04:55:07.751;117;-13036.411;4854.678;250.733;6.749;78.73;52;0.0258;84;0.000113072;61;1.2408;3.42300;6.7556;250.58;9999.00;
22/07/2019 04:55:37.757;117;-13036.411;4854.678;242.460;6.786;80.37;53;0.0387;86;0.000119184;62;1.3442;3.42500;6.7832;244.71;9999.00;
22/07/2019 04:56:07.763;117;-13036.411;4854.678;238.419;6.847;82.86;51;0.0129;89;0.000128352;62;1.3442;3.43033;6.8508;238.09;9999.00;
22/07/2019 04:56:37.772;117;-13036.411;4854.678;230.293;6.927;84.75;54;0.0516;85;0.000116128;62;1.3442;3.43642;6.9288;232.30;9999.00;
22/07/2019 04:57:07.777;117;-13036.411;4854.678;226.188;6.961;86.93;53;0.0387;84;0.000113072;62;1.3442;3.43937;6.9664;225.72;9999.00;
22/07/2019 04:57:37.784;117;-13036.411;4854.678;218.147;7.014;88.60;54;0.0516;86;0.000119184;63;1.4476;3.44228;7.0051;220.00;9999.00;
22/07/2019 04:58:07.786;117;-13036.411;4854.678;214.126;7.073;92.03;53;0.0387;86;0.000119184;60;1.1374;3.44792;7.0773;213.43;9999.00;
22/07/2019 04:58:37.933;117;-13036.411;4854.678;206.169;7.112;92.69;54;0.0516;86;0.000119184;62;1.3442;3.45105;7.1168;207.75;9999.00;
22/07/2019 04:59:07.940;117;-13036.411;4854.678;202.275;7.161;94.20;54;0.0516;91;0.000134464;63;1.4476;3.45425;7.1596;201.33;9999.00;
22/07/2019 04:59:37.946;117;-13036.411;4854.678;194.424;7.197;95.41;53;0.0387;86;0.000119184;62;1.3442;3.45724;7.1992;195.81;9999.00;
22/07/2019 05:00:07.953;117;-13036.411;4854.678;190.572;7.225;94.21;53;0.0387;108;0.000186416;61;1.2408;3.45969;7.2316;189.45;9999.00;
22/07/2019 05:00:37.961;117;-13036.411;4854.678;182.699;7.294;98.13;52;0.0258;90;0.000131408;59;1.0340;3.46344;7.2831;183.84;9999.00;
22/07/2019 05:01:07.968;117;-13036.411;4854.678;178.593;7.391;103.87;54;0.0516;88;0.000125296;62;1.3442;3.47153;7.3958;177.31;9999.00;
22/07/2019 05:01:37.976;117;-13036.411;4854.678;170.571;7.456;108.87;55;0.0645;91;0.000134464;60;1.1374;3.47606;7.4601;171.60;9999.00;
22/07/2019 05:02:07.983;117;-13036.411;4854.678;166.592;7.509;112.93;53;0.0387;84;0.000113072;61;1.2408;3.47895;7.5131;165.19;9999.00;
22/07/2019 05:02:37.989;117;-13036.411;4854.678;159.056;7.599;126.79;53;0.0387;86;0.000119184;60;1.1374;3.48193;7.5896;159.82;9999.00;
22/07/2019 05:03:07.996;117;-13036.411;4854.678;155.479;7.599;132.58;52;0.0258;86;0.000119184;59;1.0340;3.48004;7.6035;153.86;9999.00;
22/07/2019 05:03:38.003;117;-13036.411;4854.678;147.943;7.595;134.13;53;0.0387;88;0.000125296;58;0.9306;3.48057;7.6134;148.55;9999.00;
22/07/2019 05:04:08.008;117;-13036.411;4854.678;144.239;7.585;143.66;55;0.0645;89;0.000128352;62;1.3442;3.47676;7.5866;142.44;9999.00;
22/07/2019 05:04:38.015;117;-13036.411;4854.678;136.745;7.627;152.41;54;0.0516;89;0.000128352;57;0.8272;3.47455;7.6329;137.15;9999.00;
22/07/2019 05:05:08.020;117;-13036.411;4854.678;133.146;7.644;158.68;52;0.0258;89;0.000128352;59;1.0340;3.46951;7.6480;131.28;9999.00;
22/07/2019 05:05:38.029;117;-13036.411;4854.678;126.203;7.649;163.63;56;0.0774;88;0.000125296;57;0.8272;3.46553;7.6542;126.40;9999.00;
22/07/2019 05:06:08.036;117;-13036.411;4854.678;122.773;7.643;174.76;55;0.0645;85;0.000116128;62;1.3442;3.45814;7.6484;120.90;9999.00;
22/07/2019 05:06:38.039;117;-13036.411;4854.678;116.295;7.555;206.71;55;0.0645;87;0.000122240;59;1.0340;3.43747;7.5572;116.27;9999.00;
22/07/2019 05:07:08.186;117;-13036.411;4854.678;113.394;7.517;215.16;54;0.0516;88;0.000125296;58;0.9306;3.43186;7.5191;111.50;9999.00;
22/07/2019 05:07:38.194;117;-13036.411;4854.678;107.551;7.511;216.52;53;0.0387;89;0.000128352;58;0.9306;3.43116;7.5156;107.39;9999.00;
22/07/2019 05:08:08.199;117;-13036.411;4854.678;104.778;7.532;224.98;52;0.0258;87;0.000122240;60;1.1374;3.42629;7.5348;102.69;9999.00;
22/07/2019 05:08:38.206;117;-13036.411;4854.678;98.849;7.536;245.19;54;0.0516;86;0.000119184;58;0.9306;3.41075;7.5412;98.47;9999.00;
22/07/2019 05:09:08.213;117;-13036.411;4854.678;95.885;7.502;263.45;56;0.0774;182;0.000412560;59;1.0340;3.39699;7.5089;93.78;9999.00;
22/07/2019 05:09:38.218;117;-13036.411;4854.678;90.359;7.405;286.52;52;0.0258;90;0.000131408;59;1.0340;3.37339;7.4081;89.88;9999.00;
22/07/2019 05:10:08.234;117;-13036.411;4854.678;87.818;7.525;300.82;57;0.0903;89;0.000128352;56;0.7238;3.37017;7.5243;85.64;9999.00;
22/07/2019 05:10:38.240;117;-13036.411;4854.678;82.673;7.633;305.17;58;0.1032;86;0.000119184;59;1.0340;3.37332;7.6109;82.07;9999.00;
22/07/2019 05:11:08.246;117;-13036.411;4854.678;80.365;7.775;312.29;61;0.1419;89;0.000128352;57;0.8272;3.38124;7.7878;78.27;9999.00;
22/07/2019 05:11:38.252;117;-13036.411;4854.678;75.897;8.002;323.00;62;0.1548;90;0.000131408;58;0.9306;3.39387;8.0070;75.06;9999.00;
22/07/2019 05:12:08.260;117;-13036.411;4854.678;73.652;8.154;328.16;65;0.1935;103;0.000171136;56;0.7238;3.40284;8.1661;71.53;9999.00;
22/07/2019 05:12:38.266;117;-13036.411;4854.678;69.396;8.345;335.97;68;0.2322;99;0.000158912;58;0.9306;3.41384;8.3507;68.52;9999.00;
22/07/2019 05:13:08.272;117;-13036.411;4854.678;67.363;8.552;337.86;73;0.2967;105;0.000177248;57;0.8272;3.43068;8.5663;65.19;9999.00;
22/07/2019 05:13:38.277;117;-13036.411;4854.678;63.234;8.718;341.42;80;0.3870;116;0.000210864;56;0.7238;3.43981;8.6813;62.25;9999.00;
22/07/2019 05:14:08.284;117;-13036.411;4854.678;61.264;8.860;344.57;87;0.4773;121;0.000226144;57;0.8272;3.45590;8.8739;58.86;9999.00;
22/07/2019 05:14:38.290;117;-13036.411;4854.678;57.114;8.983;345.43;92;0.5418;129;0.000250592;56;0.7238;3.46519;8.9831;55.96;9999.00;
22/07/2019 05:15:08.296;117;-13036.411;4854.678;55.166;9.116;346.03;102;0.6708;131;0.000256704;58;0.9306;3.47717;9.1220;52.77;9999.00;
22/07/2019 05:15:38.302;117;-13036.411;4854.678;51.269;9.432;346.18;116;0.8514;141;0.000287264;58;0.9306;3.49555;9.3430;50.00;9999.00;
22/07/2019 05:16:08.309;117;-13036.411;4854.678;49.342;9.723;347.75;156;1.3674;152;0.000320880;61;1.2408;3.52733;9.7119;46.84;9999.00;
22/07/2019 05:16:38.315;117;-13036.411;4854.678;45.551;10.148;348.74;225;2.2575;163;0.000354496;58;0.9306;3.56381;10.1345;44.21;9999.00;
22/07/2019 05:17:08.323;117;-13036.411;4854.678;43.687;10.850;351.34;260;2.7090;167;0.000366720;58;0.9306;3.62769;10.8762;41.20;9999.00;
22/07/2019 05:17:38.330;117;-13036.411;4854.678;40.066;11.286;354.28;265;2.7735;162;0.000351440;56;0.7238;3.66469;11.2976;38.62;9999.00;
22/07/2019 05:18:08.336;117;-13036.411;4854.678;38.393;11.642;361.14;272;2.8638;179;0.000403392;56;0.7238;3.69792;11.6631;35.77;9999.00;
22/07/2019 05:18:38.344;117;-13036.411;4854.678;34.920;11.794;362.25;264;2.7606;183;0.000415616;59;1.0340;3.70946;11.7900;33.29;9999.00;
22/07/2019 05:19:08.357;117;-13036.411;4854.678;33.162;12.369;361.21;201;1.9479;169;0.000372832;56;0.7238;3.75256;12.2931;30.52;9999.00;
22/07/2019 05:19:38.364;117;-13036.411;4854.678;29.858;13.051;352.99;137;1.1223;148;0.000308656;55;0.6204;3.81823;13.0534;28.14;9999.00;
22/07/2019 05:20:08.369;117;-13036.411;4854.678;28.185;13.513;345.73;115;0.8385;151;0.000317824;57;0.8272;3.86028;13.5094;25.40;9999.00;
22/07/2019 05:20:38.376;117;-13036.411;4854.678;24.902;13.644;343.78;112;0.7998;147;0.000305600;56;0.7238;3.87423;13.6572;23.04;9999.00;
22/07/2019 05:21:08.381;117;-13036.411;4854.678;23.250;14.008;337.84;114;0.8256;157;0.000336160;56;0.7238;3.90762;14.0233;20.46;9999.00;
22/07/2019 05:21:38.387;117;-13036.411;4854.678;20.242;14.945;321.22;121;0.9159;161;0.000348384;55;0.6204;3.99311;14.9961;18.28;9999.00;
22/07/2019 05:22:08.397;117;-13036.411;4854.678;18.844;15.303;312.25;117;0.8643;152;0.000320880;56;0.7238;4.02948;15.3555;15.97;9999.00;
22/07/2019 05:22:38.402;117;-13036.411;4854.678;15.985;15.371;311.83;106;0.7224;167;0.000366720;55;0.6204;4.03438;15.3935;13.93;9999.00;
22/07/2019 05:23:08.409;117;-13036.411;4854.678;14.608;15.662;309.30;96;0.5934;157;0.000336160;55;0.6204;4.06014;15.6893;11.71;9999.00;
22/07/2019 05:23:38.416;117;-13036.411;4854.678;11.982;15.737;308.51;95;0.5805;149;0.000311712;55;0.6204;4.06587;15.7575;9.81;9999.00;
22/07/2019 05:24:08.422;117;-13036.411;4854.678;10.774;15.743;308.39;98;0.6192;161;0.000348384;56;0.7238;4.06646;15.7576;7.77;9999.00;
