PLD_REALTIMECLOCK;NAV_RESOURCE;NAV_LONGITUDE;NAV_LATITUDE;NAV_DEPTH;AROD_FT_TEMP;AROD_FT_DO;FLBBCD_CHL_COUNT;FLBBCD_CHL_SCALED;FLBBCD_BB_700_COUNT;FLBBCD_BB_700_SCALED;FLBBCD_CDOM_COUNT;FLBBCD_CDOM_SCALED;GPCTD_CONDUCTIVITY;GPCTD_TEMPERATURE;GPCTD_PRESSURE;GPCTD_DOF;
21/07/2019 23:38:02.828;117;-13036.243;4854.595;8.783;15.636;308.11;94;0.5676;145;0.000299488;52;0.3102;4.05712;15.6485;6.31;9999.00;
21/07/2019 23:38:32.835;115;-13036.243;4854.595;2.408;15.632;308.82;85;0.4515;139;0.000281152;55;0.6204;4.05783;15.6632;2.49;9999.00;
21/07/2019 23:39:02.841;116;-13036.243;4854.595;2.344;15.657;310.13;80;0.3870;134;0.000265872;52;0.3102;4.05811;15.6702;0.08;9999.00;
21/07/2019 23:39:32.887;116;-13036.099;4854.643;2.408;15.661;310.13;84;0.4386;137;0.000275040;55;0.6204;4.05842;15.6696;0.55;9999.00;
21/07/2019 23:40:02.893;116;-13036.098;4854.643;2.408;15.664;310.07;82;0.4128;142;0.000290320;57;0.8272;4.05853;15.6697;0.25;9999.00;
21/07/2019 23:40:32.898;116;-13036.091;4854.646;2.492;15.663;310.03;83;0.4257;138;0.000278096;52;0.3102;4.05865;15.6696;0.58;9999.00;
21/07/2019 23:41:02.904;116;-13036.091;4854.646;2.492;15.666;309.95;81;0.3999;141;0.000287264;50;0.1034;4.05875;15.6702;0.70;9999.00;
21/07/2019 23:41:32.912;116;-13036.071;4854.652;2.704;15.668;309.70;84;0.4386;137;0.000275040;53;0.4136;4.05872;15.6743;1.21;9999.00;
21/07/2019 23:42:02.918;116;-13036.070;4854.652;2.344;15.667;309.68;85;0.4515;144;0.000296432;54;0.5170;4.05881;15.6764;0.23;9999.00;
21/07/2019 23:42:32.924;116;-13036.069;4854.655;2.492;15.671;309.70;82;0.4128;137;0.000275040;56;0.7238;4.05885;15.6767;1.06;9999.00;
21/07/2019 23:43:02.930;116;-13036.069;4854.655;2.492;15.671;309.71;84;0.4386;160;0.000345328;50;0.1034;4.05879;15.6785;0.14;9999.00;
21/07/2019 23:43:32.936;116;-13036.069;4854.655;2.492;15.672;309.72;85;0.4515;147;0.000305600;54;0.5170;4.05902;15.6787;0.18;9999.00;
21/07/2019 23:44:02.942;116;-13036.069;4854.655;2.492;15.672;310.02;85;0.4515;166;0.000363664;50;0.1034;4.05906;15.6791;0.14;9999.00;
21/07/2019 23:44:32.948;116;-13036.069;4854.655;2.492;15.672;309.74;84;0.4386;132;0.000259760;53;0.4136;4.05903;15.6791;0.81;9999.00;
21/07/2019 23:45:02.954;116;-13036.069;4854.655;2.492;15.675;309.86;85;0.4515;135;0.000268928;54;0.5170;4.05919;15.6764;0.67;9999.00;
21/07/2019 23:45:32.970;116;-13036.069;4854.655;2.492;15.671;309.79;85;0.4515;130;0.000253648;54;0.5170;4.05902;15.6787;0.10;9999.00;
21/07/2019 23:46:02.976;116;-13036.069;4854.655;2.492;15.672;310.05;85;0.4515;136;0.000271984;57;0.8272;4.05910;15.6768;0.85;9999.00;
21/07/2019 23:46:32.983;116;-13036.069;4854.655;2.492;15.672;309.82;81;0.3999;147;0.000305600;51;0.2068;4.05908;15.6765;0.44;9999.00;
21/07/2019 23:47:02.990;116;-13036.069;4854.655;2.492;15.671;309.94;82;0.4128;142;0.000290320;53;0.4136;4.05885;15.6787;0.20;9999.00;
21/07/2019 23:47:32.996;116;-13036.069;4854.655;2.492;15.670;309.90;82;0.4128;134;0.000265872;60;1.1374;4.05879;15.6765;0.22;9999.00;
21/07/2019 23:48:03.003;116;-13035.986;4854.686;2.387;15.671;310.03;85;0.4515;146;0.000302544;52;0.3102;4.05905;15.6752;1.02;9999.00;
21/07/2019 23:48:33.008;116;-13035.982;4854.688;2.429;15.673;309.76;86;0.4644;144;0.000296432;54;0.5170;4.05871;15.6779;0.63;9999.00;
21/07/2019 23:49:03.015;116;-13035.979;4854.690;2.471;15.671;309.80;88;0.4902;139;0.000281152;54;0.5170;4.05902;15.6763;1.00;9999.00;
21/07/2019 23:49:33.021;116;-13035.972;4854.694;2.344;15.671;309.94;84;0.4386;147;0.000305600;56;0.7238;4.05856;15.6777;0.20;9999.00;
21/07/2019 23:50:03.028;116;-13035.967;4854.696;2.302;15.670;309.88;86;0.4644;135;0.000268928;54;0.5170;4.05870;15.6765;1.04;9999.00;
21/07/2019 23:50:33.040;116;-13035.955;4854.699;2.387;15.674;309.92;88;0.4902;144;0.000296432;55;0.6204;4.05868;15.6766;0.57;9999.00;
21/07/2019 23:51:03.047;116;-13035.953;4854.701;2.323;15.671;309.96;90;0.5160;168;0.000369776;51;0.2068;4.05859;15.6762;0.19;9999.00;
21/07/2019 23:51:33.052;116;-13035.939;4854.705;2.302;15.671;309.97;87;0.4773;140;0.000284208;54;0.5170;4.05823;15.6772;0.23;9999.00;
21/07/2019 23:52:03.059;116;-13035.932;4854.708;2.387;15.671;309.93;90;0.5160;143;0.000293376;55;0.6204;4.05846;15.6767;0.21;9999.00;
21/07/2019 23:52:33.068;116;-13035.928;4854.711;2.323;15.670;310.00;91;0.5289;143;0.000293376;54;0.5170;4.05866;15.6765;0.20;9999.00;
21/07/2019 23:53:03.075;110;-13035.922;4854.711;3.043;15.673;309.83;89;0.5031;138;0.000278096;56;0.7238;4.05883;15.6744;1.74;9999.00;
21/07/2019 23:53:33.082;110;-13035.922;4854.711;6.898;15.659;310.36;96;0.5934;141;0.000287264;52;0.3102;4.05887;15.6663;4.90;9999.00;
21/07/2019 23:54:03.088;100;-13035.922;4854.711;16.006;15.441;312.96;103;0.6837;156;0.000333104;54;0.5170;4.05056;15.5525;12.98;9999.00;
21/07/2019 23:54:33.095;100;-13035.922;4854.711;21.788;14.280;331.65;127;0.9933;155;0.000330048;56;0.7238;3.95070;14.4120;21.65;9999.00;
21/07/2019 23:55:03.102;100;-13035.922;4854.711;31.340;12.470;364.52;208;2.0382;172;0.000382000;59;1.0340;3.79532;12.6657;28.44;9999.00;
21/07/2019 23:55:33.109;100;-13035.922;4854.711;35.237;11.567;364.55;261;2.7219;168;0.000369776;60;1.1374;3.69957;11.5822;34.81;9999.00;
21/07/2019 23:56:03.115;100;-13035.922;4854.711;42.756;10.909;358.01;272;2.8638;164;0.000357552;60;1.1374;3.64492;10.9688;40.21;9999.00;
21/07/2019 23:56:33.121;100;-13035.922;4854.711;46.716;10.217;355.06;195;1.8705;152;0.000320880;56;0.7238;3.58651;10.3105;46.66;9999.00;
21/07/2019 23:57:03.128;100;-13035.922;4854.711;54.488;9.812;352.28;139;1.1481;140;0.000284208;55;0.6204;3.54875;9.8924;52.25;9999.00;
21/07/2019 23:57:33.135;100;-13035.922;4854.711;58.342;9.599;351.68;119;0.8901;133;0.000262816;57;0.8272;3.52376;9.6080;58.51;9999.00;
21/07/2019 23:58:03.141;100;-13035.922;4854.711;66.156;9.079;351.04;97;0.6063;123;0.000232256;58;0.9306;3.49401;9.2646;64.13;9999.00;
21/07/2019 23:58:33.156;100;-13035.922;4854.711;70.180;8.549;344.26;75;0.3225;105;0.000177248;58;0.9306;3.43847;8.5871;70.62;9999.00;
21/07/2019 23:59:03.164;100;-13035.922;4854.711;78.290;8.317;339.09;64;0.1806;93;0.000140576;53;0.4136;3.42021;8.3590;76.44;9999.00;
21/07/2019 23:59:33.171;100;-13035.922;4854.711;81.995;7.993;331.49;62;0.1548;90;0.000131408;58;0.9306;3.40481;8.1212;82.64;9999.00;
22/07/2019 00:00:03.177;100;-13035.922;4854.711;89.597;7.700;318.31;59;0.1161;89;0.000128352;55;0.6204;3.37967;7.7473;88.08;9999.00;
22/07/2019 00:00:33.183;100;-13035.922;4854.711;93.344;7.487;307.74;60;0.1290;86;0.000119184;56;0.7238;3.36812;7.4990;94.17;9999.00;
22/07/2019 00:01:03.184;100;-13035.922;4854.711;101.051;7.474;288.71;55;0.0645;87;0.000122240;58;0.9306;3.37831;7.4628;99.64;9999.00;
22/07/2019 00:01:33.194;100;-13035.922;4854.711;104.778;7.488;269.57;57;0.0903;88;0.000125296;58;0.9306;3.39554;7.4938;105.90;9999.00;
22/07/2019 00:02:03.201;100;-13035.922;4854.711;112.209;7.489;264.34;57;0.0903;88;0.000125296;58;0.9306;3.39830;7.4949;111.21;9999.00;
22/07/2019 00:02:33.208;100;-13035.922;4854.711;116.062;7.505;245.00;55;0.0645;87;0.000122240;57;0.8272;3.40824;7.4789;117.27;9999.00;
22/07/2019 00:03:03.216;100;-13035.922;4854.711;123.324;7.529;228.54;52;0.0258;88;0.000125296;57;0.8272;3.42380;7.5250;122.52;9999.00;
22/07/2019 00:03:33.221;100;-13035.922;4854.711;126.711;7.590;196.12;55;0.0645;85;0.000116128;60;1.1374;3.44628;7.5838;128.07;9999.00;
22/07/2019 00:04:03.229;100;-13035.922;4854.711;133.210;7.627;182.11;54;0.0516;86;0.000119184;62;1.3442;3.45595;7.6246;132.78;9999.00;
22/07/2019 00:04:33.235;100;-13035.922;4854.711;136.534;7.624;150.25;53;0.0387;96;0.000149744;60;1.1374;3.47303;7.6314;138.00;9999.00;
22/07/2019 00:05:03.240;100;-13035.922;4854.711;142.651;7.606;143.11;53;0.0387;86;0.000119184;59;1.0340;3.47726;7.6175;142.38;9999.00;
22/07/2019 00:05:33.246;100;-13035.922;4854.711;145.678;7.552;141.89;50;0.0000;92;0.000137520;58;0.9306;3.47695;7.5593;147.25;9999.00;
22/07/2019 00:06:03.254;100;-13035.922;4854.711;151.542;7.531;128.86;55;0.0645;89;0.000128352;59;1.0340;3.47775;7.5397;151.41;9999.00;
22/07/2019 00:06:33.260;100;-13035.922;4854.711;154.421;7.524;126.42;53;0.0387;88;0.000125296;60;1.1374;3.47834;7.5289;156.18;9999.00;
22/07/2019 00:07:03.264;100;-13035.922;4854.711;160.305;7.488;117.29;52;0.0258;84;0.000113072;59;1.0340;3.47861;7.5099;160.31;9999.00;
22/07/2019 00:07:33.273;100;-13035.922;4854.711;163.057;7.479;114.75;52;0.0258;86;0.000119184;60;1.1374;3.47751;7.4822;164.97;9999.00;
22/07/2019 00:08:03.280;100;-13035.922;4854.711;168.729;7.453;108.48;52;0.0258;87;0.000122240;63;1.4476;3.47671;7.4608;169.00;9999.00;
22/07/2019 00:08:33.287;100;-13035.922;4854.711;171.587;7.416;106.43;51;0.0129;93;0.000140576;60;1.1374;3.47427;7.4217;173.57;9999.00;
22/07/2019 00:09:03.296;100;-13035.922;4854.711;177.175;7.348;104.03;50;0.0000;90;0.000131408;62;1.3442;3.46963;7.3578;177.54;9999.00;
22/07/2019 00:09:33.303;100;-13035.922;4854.711;179.947;7.289;99.42;55;0.0645;90;0.000131408;64;1.5510;3.46520;7.2950;182.05;9999.00;
22/07/2019 00:10:03.319;100;-13035.922;4854.711;185.429;7.261;98.65;52;0.0258;91;0.000134464;61;1.2408;3.46315;7.2681;185.98;9999.00;
22/07/2019 00:10:33.326;100;-13035.922;4854.711;188.117;7.224;96.99;53;0.0387;88;0.000125296;60;1.1374;3.46069;7.2338;190.43;9999.00;
22/07/2019 00:11:03.333;100;-13035.922;4854.711;193.492;7.183;94.73;54;0.0516;87;0.000122240;63;1.4476;3.45756;7.1920;194.27;9999.00;
22/07/2019 00:11:33.340;100;-13035.922;4854.711;196.350;7.125;92.58;54;0.0516;87;0.000122240;61;1.2408;3.45351;7.1397;198.69;9999.00;
22/07/2019 00:12:03.347;100;-13035.922;4854.711;201.810;7.070;89.17;52;0.0258;86;0.000119184;61;1.2408;3.44826;7.0731;203.16;9999.00;
22/07/2019 00:12:33.354;100;-13035.922;4854.711;204.518;7.040;88.76;54;0.0516;83;0.000110016;61;1.2408;3.44599;7.0444;207.04;9999.00;
22/07/2019 00:13:03.361;100;-13035.922;4854.711;209.851;7.017;88.34;54;0.0516;87;0.000122240;62;1.3442;3.44409;7.0197;211.39;9999.00;
22/07/2019 00:13:33.367;100;-13035.922;4854.711;212.518;6.997;87.01;50;0.0000;87;0.000122240;61;1.2408;3.44290;7.0044;215.25;9999.00;
22/07/2019 00:14:03.375;100;-13035.922;4854.711;217.978;6.983;87.23;55;0.0645;88;0.000125296;62;1.3442;3.44182;6.9897;219.65;9999.00;
22/07/2019 00:14:33.381;100;-13035.922;4854.711;220.728;6.943;85.62;55;0.0645;85;0.000116128;61;1.2408;3.43867;6.9487;223.49;9999.00;
22/07/2019 00:15:03.390;100;-13035.922;4854.711;223.331;6.925;84.51;55;0.0645;88;0.000125296;60;1.1374;3.43737;6.9308;227.81;9999.00;
22/07/2019 00:15:33.396;100;-13035.922;4854.711;228.621;6.900;82.77;53;0.0387;89;0.000128352;64;1.5510;3.43541;6.9050;231.62;9999.00;
22/07/2019 00:16:03.403;100;-13035.922;4854.711;231.393;6.888;82.56;54;0.0516;88;0.000125296;60;1.1374;3.43454;6.8931;235.96;9999.00;
22/07/2019 00:16:33.411;100;-13035.922;4854.711;236.620;6.852;83.95;52;0.0258;86;0.000119184;64;1.5510;3.43157;6.8569;239.70;9999.00;
22/07/2019 00:17:03.381;100;-13035.922;4854.711;239.286;6.820;84.25;54;0.0516;88;0.000125296;62;1.3442;3.42909;6.8260;243.96;9999.00;
22/07/2019 00:17:33.425;100;-13035.922;4854.711;244.512;6.802;82.71;54;0.0516;89;0.000128352;63;1.4476;3.42777;6.8076;247.74;9999.00;
22/07/2019 00:18:03.430;100;-13035.922;4854.711;247.157;6.793;81.78;54;0.0516;85;0.000116128;57;0.8272;3.42717;6.7988;252.00;9999.00;
22/07/2019 00:18:33.436;100;-13035.922;4854.711;252.362;6.772;80.20;51;0.0129;103;0.000171136;59;1.0340;3.42550;6.7754;255.68;9999.00;
22/07/2019 00:19:03.443;100;-13035.922;4854.711;254.901;6.738;78.58;53;0.0387;86;0.000119184;65;1.6544;3.42383;6.7521;259.83;9999.00;
22/07/2019 00:19:33.449;100;-13035.922;4854.711;259.979;6.705;77.89;54;0.0516;84;0.000113072;59;1.0340;3.42055;6.7114;263.44;9999.00;
22/07/2019 00:20:03.455;100;-13035.922;4854.711;262.602;6.675;77.02;50;0.0000;85;0.000116128;60;1.1374;3.41868;6.6868;267.55;9999.00;
22/07/2019 00:20:33.460;100;-13035.922;4854.711;267.595;6.658;76.03;53;0.0387;88;0.000125296;62;1.3442;3.41675;6.6616;271.14;9999.00;
22/07/2019 00:21:03.467;100;-13035.922;4854.711;270.113;6.641;75.63;54;0.0516;85;0.000116128;63;1.4476;3.41533;6.6428;275.21;9999.00;
22/07/2019 00:21:33.473;100;-13035.922;4854.711;275.127;6.622;75.34;53;0.0387;86;0.000119184;61;1.2408;3.41427;6.6290;278.80;9999.00;
22/07/2019 00:22:03.480;100;-13035.922;4854.711;277.666;6.567;74.25;54;0.0516;84;0.000113072;61;1.2408;3.40988;6.5739;282.87;9999.00;
22/07/2019 00:22:33.486;100;-13035.922;4854.711;282.701;6.531;74.60;53;0.0387;89;0.000128352;62;1.3442;3.40688;6.5373;286.45;9999.00;
22/07/2019 00:23:03.494;100;-13035.922;4854.711;285.239;6.515;73.18;51;0.0129;88;0.000125296;62;1.3442;3.40544;6.5175;290.55;9999.00;
22/07/2019 00:23:33.502;100;-13035.922;4854.711;290.295;6.484;72.60;53;0.0387;96;0.000149744;62;1.3442;3.40312;6.4885;294.19;9999.00;
22/07/2019 00:24:03.508;100;-13035.922;4854.711;292.834;6.433;72.06;51;0.0129;121;0.000226144;62;1.3442;3.39905;6.4379;298.33;9999.00;
22/07/2019 00:24:33.515;100;-13035.922;4854.711;297.911;6.382;72.21;53;0.0387;103;0.000171136;62;1.3442;3.39513;6.3908;301.96;9999.00;
22/07/2019 00:25:03.521;100;-13035.922;4854.711;300.534;6.378;70.89;52;0.0258;86;0.000119184;61;1.2408;3.39467;6.3829;306.07;9999.00;
22/07/2019 00:25:33.526;100;-13035.922;4854.711;305.463;6.337;69.79;55;0.0645;118;0.000216976;63;1.4476;3.39154;6.3433;309.66;9999.00;
22/07/2019 00:26:03.540;100;-13035.922;4854.711;308.086;6.328;69.61;51;0.0129;113;0.000201696;62;1.3442;3.39084;6.3341;313.85;9999.00;
22/07/2019 00:26:33.548;100;-13035.922;4854.711;313.289;6.268;70.45;55;0.0645;84;0.000113072;61;1.2408;3.38640;6.2809;317.52;9999.00;
22/07/2019 00:27:03.555;100;-13035.922;4854.711;315.828;6.233;69.35;52;0.0258;86;0.000119184;61;1.2408;3.38300;6.2393;321.77;9999.00;
22/07/2019 00:27:33.560;100;-13035.922;4854.711;321.094;6.224;69.36;53;0.0387;89;0.000128352;60;1.1374;3.38215;6.2292;325.50;9999.00;
22/07/2019 00:28:03.566;100;-13035.922;4854.711;323.654;6.220;68.59;54;0.0516;86;0.000119184;61;1.2408;3.38207;6.2254;329.76;9999.00;
22/07/2019 00:28:33.571;100;-13035.922;4854.711;328.878;6.216;67.12;52;0.0258;85;0.000116128;62;1.3442;3.38219;6.2213;333.45;9999.00;
22/07/2019 00:29:03.579;100;-13035.922;4854.711;331.501;6.201;66.67;53;0.0387;111;0.000195584;62;1.3442;3.38135;6.2092;337.65;9999.00;
22/07/2019 00:29:33.592;100;-13035.922;4854.711;336.683;6.170;66.00;56;0.0774;84;0.000113072;60;1.1374;3.37891;6.1776;341.36;9999.00;
22/07/2019 00:30:03.597;100;-13035.922;4854.711;339.284;6.145;65.15;53;0.0387;84;0.000113072;64;1.5510;3.37668;6.1484;345.65;9999.00;
22/07/2019 00:30:33.604;100;-13035.922;4854.711;344.571;6.131;64.69;54;0.0516;85;0.000116128;62;1.3442;3.37571;6.1354;349.43;9999.00;
22/07/2019 00:31:03.609;100;-13035.922;4854.711;347.257;6.121;64.57;55;0.0645;88;0.000125296;62;1.3442;3.37491;6.1248;353.72;9999.00;
22/07/2019 00:31:33.617;100;-13035.922;4854.711;352.481;6.105;64.66;52;0.0258;89;0.000128352;63;1.4476;3.37487;6.1226;357.44;9999.00;
22/07/2019 00:32:03.624;100;-13035.922;4854.711;355.061;6.097;64.16;52;0.0258;85;0.000116128;62;1.3442;3.37322;6.1010;361.67;9999.00;
22/07/2019 00:32:33.630;100;-13035.922;4854.711;360.221;6.069;63.89;51;0.0129;82;0.000106960;59;1.0340;3.37176;6.0807;365.35;9999.00;
22/07/2019 00:33:03.635;100;-13035.922;4854.711;362.865;6.057;63.57;54;0.0516;81;0.000103904;62;1.3442;3.37037;6.0624;369.52;9999.00;
22/07/2019 00:33:33.642;100;-13035.922;4854.711;367.919;6.035;62.70;53;0.0387;85;0.000116128;62;1.3442;3.36855;6.0389;373.10;9999.00;
22/07/2019 00:34:03.648;100;-13035.922;4854.711;370.393;6.015;62.40;54;0.0516;88;0.000125296;63;1.4476;3.36710;6.0202;377.16;9999.00;
22/07/2019 00:34:33.654;100;-13035.922;4854.711;375.299;5.992;61.94;53;0.0387;81;0.000103904;60;1.1374;3.36551;5.9995;380.65;9999.00;
22/07/2019 00:35:03.661;100;-13035.922;4854.711;377.773;5.979;61.72;53;0.0387;83;0.000110016;63;1.4476;3.36425;5.9831;384.59;9999.00;
22/07/2019 00:35:33.667;100;-13035.922;4854.711;382.489;5.955;61.41;52;0.0258;84;0.000113072;64;1.5510;3.36285;5.9648;388.02;9999.00;
22/07/2019 00:36:03.674;100;-13035.922;4854.711;384.963;5.937;60.61;55;0.0645;125;0.000238368;62;1.3442;3.36112;5.9418;391.94;9999.00;
22/07/2019 00:36:33.678;100;-13035.922;4854.711;389.784;5.930;60.49;51;0.0129;83;0.000110016;63;1.4476;3.36078;5.9366;395.37;9999.00;
22/07/2019 00:37:03.686;100;-13035.922;4854.711;392.173;5.907;59.93;54;0.0516;85;0.000116128;60;1.1374;3.35885;5.9114;399.26;9999.00;
22/07/2019 00:37:33.694;100;-13035.922;4854.711;397.016;5.899;59.74;53;0.0387;80;0.000100848;61;1.2408;3.35824;5.9030;402.70;9999.00;
22/07/2019 00:38:03.700;100;-13035.922;4854.711;399.490;5.850;58.89;52;0.0258;83;0.000110016;64;1.5510;3.35469;5.8580;406.68;9999.00;
22/07/2019 00:38:33.707;100;-13035.922;4854.711;404.247;5.804;56.88;53;0.0387;81;0.000103904;64;1.5510;3.35100;5.8087;410.10;9999.00;
22/07/2019 00:39:03.714;100;-13035.922;4854.711;406.700;5.795;55.90;52;0.0258;82;0.000106960;63;1.4476;3.35045;5.7993;413.95;9999.00;
22/07/2019 00:39:33.721;100;-13035.922;4854.711;411.330;5.761;54.92;54;0.0516;80;0.000100848;61;1.2408;3.34828;5.7717;417.19;9999.00;
22/07/2019 00:40:03.728;100;-13035.922;4854.711;413.613;5.714;55.64;53;0.0387;79;0.000097792;61;1.2408;3.34404;5.7241;420.92;9999.00;
22/07/2019 00:40:33.733;100;-13035.922;4854.711;418.138;5.637;57.69;54;0.0516;79;0.000097792;64;1.5510;3.33703;5.6483;424.17;9999.00;
22/07/2019 00:41:03.740;100;-13035.922;4854.711;420.464;5.596;59.01;52;0.0258;83;0.000110016;64;1.5510;3.33323;5.6081;427.90;9999.00;
22/07/2019 00:41:33.747;100;-13035.922;4854.711;425.009;5.556;60.37;57;0.0903;81;0.000103904;60;1.1374;3.32891;5.5617;431.20;9999.00;
22/07/2019 00:42:03.753;100;-13035.922;4854.711;427.335;5.581;56.28;51;0.0129;80;0.000100848;62;1.3442;3.33197;5.5861;434.92;9999.00;
22/07/2019 00:42:33.761;100;-13035.922;4854.711;431.901;5.572;55.07;52;0.0258;84;0.000113072;62;1.3442;3.33174;5.5795;438.17;9999.00;
22/07/2019 00:43:03.766;100;-13035.922;4854.711;434.163;5.522;56.03;54;0.0516;80;0.000100848;62;1.3442;3.32685;5.5254;441.90;9999.00;
22/07/2019 00:43:33.773;100;-13035.922;4854.711;438.730;5.494;52.27;55;0.0645;79;0.000097792;64;1.5510;3.32559;5.4978;445.18;9999.00;
22/07/2019 00:44:03.780;100;-13035.922;4854.711;441.118;5.478;50.78;53;0.0387;83;0.000110016;61;1.2408;3.32460;5.4821;448.98;9999.00;
22/07/2019 00:44:33.786;100;-13035.922;4854.711;445.811;5.462;48.97;54;0.0516;79;0.000097792;63;1.4476;3.32389;5.4677;452.30;9999.00;
22/07/2019 00:45:03.795;100;-13035.922;4854.711;448.095;5.453;48.55;53;0.0387;80;0.000100848;61;1.2408;3.32313;5.4565;456.07;9999.00;
22/07/2019 00:45:33.800;100;-13035.922;4854.711;452.682;5.393;49.50;53;0.0387;80;0.000100848;63;1.4476;3.31894;5.4106;459.32;9999.00;
22/07/2019 00:46:03.806;100;-13035.922;4854.711;454.923;5.359;50.40;54;0.0516;78;0.000094736;60;1.1374;3.31456;5.3625;463.04;9999.00;
22/07/2019 00:46:33.812;100;-13035.922;4854.711;459.510;5.358;48.73;51;0.0129;78;0.000094736;65;1.6544;3.31504;5.3621;466.27;9999.00;
22/07/2019 00:47:03.821;100;-13035.922;4854.711;461.814;5.327;49.41;53;0.0387;91;0.000134464;62;1.3442;3.31215;5.3309;469.92;9999.00;
22/07/2019 00:47:33.827;100;-13035.922;4854.711;466.232;5.302;49.83;52;0.0258;80;0.000100848;62;1.3442;3.30994;5.3055;473.08;9999.00;
22/07/2019 00:48:03.834;100;-13035.922;4854.711;468.409;5.218;51.50;52;0.0258;78;0.000094736;63;1.4476;3.30211;5.2200;476.67;9999.00;
22/07/2019 00:48:33.840;100;-13035.922;4854.711;472.763;5.202;51.21;51;0.0129;80;0.000100848;63;1.4476;3.30097;5.2060;479.77;9999.00;
22/07/2019 00:49:03.853;100;-13035.922;4854.711;475.004;5.221;48.00;54;0.0516;77;0.000091680;66;1.7578;3.30351;5.2242;483.28;9999.00;
22/07/2019 00:49:33.860;100;-13035.922;4854.711;479.273;5.227;46.12;52;0.0258;80;0.000100848;61;1.2408;3.30473;5.2316;486.35;9999.00;
22/07/2019 00:50:03.865;100;-13035.922;4854.711;481.408;5.218;44.79;53;0.0387;80;0.000100848;58;0.9306;3.30449;5.2230;489.86;9999.00;
22/07/2019 00:50:33.874;100;-13035.922;4854.711;485.762;5.210;43.67;50;0.0000;78;0.000094736;62;1.3442;3.30420;5.2148;492.93;9999.00;
22/07/2019 00:51:03.881;100;-13035.922;4854.711;487.918;5.189;43.33;54;0.0516;80;0.000100848;63;1.4476;3.30257;5.1935;496.47;9999.00;
22/07/2019 00:51:33.886;100;-13035.922;4854.711;492.314;5.136;44.30;50;0.0000;80;0.000100848;60;1.1374;3.29775;5.1406;499.57;9999.00;
22/07/2019 00:52:03.892;100;-13035.922;4854.711;494.449;5.094;45.14;52;0.0258;80;0.000100848;61;1.2408;3.29400;5.1001;503.08;9999.00;
22/07/2019 00:52:33.901;100;-13035.922;4854.711;498.718;5.075;45.10;54;0.0516;79;0.000097792;64;1.5510;3.29259;5.0833;506.11;9999.00;
22/07/2019 00:53:03.907;100;-13035.922;4854.711;500.853;5.073;43.06;51;0.0129;80;0.000100848;61;1.2408;3.29323;5.0824;509.59;9999.00;
22/07/2019 00:53:33.916;100;-13035.922;4854.711;505.037;5.067;42.37;55;0.0645;78;0.000094736;63;1.4476;3.29242;5.0703;512.61;9999.00;
22/07/2019 00:54:03.923;100;-13035.922;4854.711;507.214;5.024;42.72;53;0.0387;80;0.000100848;63;1.4476;3.28889;5.0293;516.00;9999.00;
22/07/2019 00:54:33.929;100;-13035.922;4854.711;511.229;5.007;42.91;53;0.0387;79;0.000097792;61;1.2408;3.28734;5.0122;518.95;9999.00;
22/07/2019 00:55:03.936;100;-13035.922;4854.711;513.364;4.973;42.94;51;0.0129;83;0.000110016;64;1.5510;3.28449;4.9780;522.29;9999.00;
22/07/2019 00:55:33.943;100;-13035.922;4854.711;517.443;4.944;41.91;52;0.0258;78;0.000094736;62;1.3442;3.28234;4.9498;525.19;9999.00;
22/07/2019 00:56:03.950;100;-13035.922;4854.711;519.535;4.917;40.85;53;0.0387;79;0.000097792;63;1.4476;3.28051;4.9222;528.50;9999.00;
22/07/2019 00:56:33.957;100;-13035.922;4854.711;523.529;4.869;40.18;54;0.0516;78;0.000094736;62;1.3442;3.27649;4.8741;531.40;9999.00;
22/07/2019 00:57:03.961;100;-13035.922;4854.711;525.600;4.867;40.19;54;0.0516;81;0.000103904;59;1.0340;3.27612;4.8704;534.76;9999.00;
22/07/2019 00:57:33.970;100;-13035.922;4854.711;529.678;4.864;39.83;54;0.0516;80;0.000100848;63;1.4476;3.27664;4.8738;537.69;9999.00;
22/07/2019 00:58:03.976;100;-13035.922;4854.711;531.770;4.814;39.35;54;0.0516;80;0.000100848;62;1.3442;3.27250;4.8213;541.05;9999.00;
22/07/2019 00:58:33.983;100;-13035.922;4854.711;535.912;4.800;38.86;54;0.0516;101;0.000165024;63;1.4476;3.27113;4.8058;543.96;9999.00;
22/07/2019 00:59:03.990;100;-13035.922;4854.711;537.898;4.790;38.09;53;0.0387;80;0.000100848;64;1.5510;3.27046;4.7931;547.30;9999.00;
22/07/2019 00:59:33.996;100;-13035.922;4854.711;542.019;4.795;36.69;57;0.0903;78;0.000094736;63;1.4476;3.27158;4.8005;550.18;9999.00;
22/07/2019 01:00:04.003;100;-13035.922;4854.711;544.005;4.777;34.62;51;0.0129;76;0.000088624;63;1.4476;3.27072;4.7815;553.46;9999.00;
22/07/2019 01:00:34.009;100;-13035.922;4854.711;548.041;4.772;34.51;53;0.0387;78;0.000094736;62;1.3442;3.27050;4.7780;556.34;9999.00;
22/07/2019 01:01:04.016;100;-13035.922;4854.711;550.069;4.753;34.83;55;0.0645;76;0.000088624;62;1.3442;3.26860;4.7560;559.60;9999.00;
22/07/2019 01:01:34.023;100;-13035.922;4854.711;554.147;4.765;33.74;56;0.0774;89;0.000128352;64;1.5510;3.27036;4.7711;562.50;9999.00;
22/07/2019 01:02:04.028;100;-13035.922;4854.711;556.218;4.758;33.46;52;0.0258;76;0.000088624;63;1.4476;3.26993;4.7639;565.85;9999.00;
22/07/2019 01:02:34.036;100;-13035.922;4854.711;560.338;4.724;33.57;56;0.0774;81;0.000103904;63;1.4476;3.26744;4.7341;568.79;9999.00;
22/07/2019 01:03:04.042;100;-13035.922;4854.711;562.282;4.696;32.77;53;0.0387;77;0.000091680;64;1.5510;3.26527;4.7043;572.12;9999.00;
22/07/2019 01:03:34.049;100;-13035.922;4854.711;566.423;4.621;33.55;52;0.0258;76;0.000088624;64;1.5510;3.25845;4.6265;574.99;9999.00;
22/07/2019 01:04:04.055;100;-13035.922;4854.711;568.367;4.619;33.30;55;0.0645;80;0.000100848;63;1.4476;3.25814;4.6234;578.25;9999.00;
22/07/2019 01:04:34.064;100;-13035.922;4854.711;572.402;4.619;33.03;54;0.0516;77;0.000091680;63;1.4476;3.25825;4.6228;581.13;9999.00;
22/07/2019 01:05:04.069;100;-13035.922;4854.711;574.452;4.651;30.25;53;0.0387;77;0.000091680;62;1.3442;3.26251;4.6569;584.36;9999.00;
22/07/2019 01:05:34.076;100;-13035.922;4854.711;578.403;4.673;26.71;54;0.0516;78;0.000094736;63;1.4476;3.26577;4.6799;587.21;9999.00;
22/07/2019 01:06:04.083;100;-13035.922;4854.711;580.388;4.663;26.39;56;0.0774;78;0.000094736;62;1.3442;3.26511;4.6686;590.53;9999.00;
22/07/2019 01:06:34.091;100;-13035.922;4854.711;584.529;4.628;25.93;56;0.0774;78;0.000094736;64;1.5510;3.26248;4.6345;593.47;9999.00;
22/07/2019 01:07:04.097;100;-13035.922;4854.711;586.705;4.626;24.84;54;0.0516;78;0.000094736;63;1.4476;3.26282;4.6321;596.83;9999.00;
22/07/2019 01:07:34.102;100;-13035.922;4854.711;590.740;4.616;24.54;56;0.0774;78;0.000094736;65;1.6544;3.26274;4.6294;599.78;9999.00;
22/07/2019 01:08:04.108;100;-13035.922;4854.711;592.769;4.592;24.48;54;0.0516;76;0.000088624;61;1.2408;3.26052;4.6014;603.14;9999.00;
22/07/2019 01:08:34.115;100;-13035.922;4854.711;596.909;4.571;24.60;54;0.0516;79;0.000097792;62;1.3442;3.25829;4.5750;606.11;9999.00;
22/07/2019 01:09:04.123;100;-13035.922;4854.711;599.127;4.556;24.59;55;0.0645;79;0.000097792;62;1.3442;3.25721;4.5608;609.56;9999.00;
22/07/2019 01:09:34.129;100;-13035.922;4854.711;603.268;4.546;24.52;53;0.0387;79;0.000097792;65;1.6544;3.25633;4.5493;612.61;9999.00;
22/07/2019 01:10:04.137;100;-13035.922;4854.711;605.465;4.504;24.60;53;0.0387;77;0.000091680;62;1.3442;3.25328;4.5126;616.12;9999.00;
22/07/2019 01:10:34.142;100;-13035.922;4854.711;609.880;4.481;23.99;55;0.0645;81;0.000103904;62;1.3442;3.25122;4.4850;619.24;9999.00;
22/07/2019 01:11:04.150;100;-13035.922;4854.711;612.055;4.496;22.60;52;0.0258;87;0.000122240;62;1.3442;3.25329;4.5014;622.86;9999.00;
22/07/2019 01:11:34.156;100;-13035.922;4854.711;616.513;4.501;21.92;52;0.0258;77;0.000091680;63;1.4476;3.25400;4.5058;626.03;9999.00;
22/07/2019 01:12:04.164;100;-13035.922;4854.711;618.752;4.482;21.46;52;0.0258;79;0.000097792;64;1.5510;3.25276;4.4864;629.68;9999.00;
22/07/2019 01:12:34.169;100;-13035.922;4854.711;623.251;4.476;20.81;53;0.0387;80;0.000100848;66;1.7578;3.25279;4.4820;632.90;9999.00;
22/07/2019 01:13:04.176;100;-13035.922;4854.711;625.511;4.467;20.46;56;0.0774;77;0.000091680;63;1.4476;3.25228;4.4723;636.61;9999.00;
22/07/2019 01:13:34.182;100;-13035.922;4854.711;630.010;4.447;20.39;52;0.0258;78;0.000094736;61;1.2408;3.25076;4.4521;639.86;9999.00;
22/07/2019 01:14:04.190;100;-13035.922;4854.711;632.376;4.421;20.31;52;0.0258;77;0.000091680;61;1.2408;3.24864;4.4257;643.57;9999.00;
22/07/2019 01:14:34.195;100;-13035.922;4854.711;636.896;4.392;20.60;54;0.0516;77;0.000091680;63;1.4476;3.24643;4.4003;646.81;9999.00;
22/07/2019 01:15:04.203;100;-13035.922;4854.711;639.135;4.390;20.33;52;0.0258;79;0.000097792;63;1.4476;3.24634;4.3959;650.49;9999.00;
22/07/2019 01:15:34.210;100;-13035.922;4854.711;643.781;4.410;18.72;52;0.0258;76;0.000088624;64;1.5510;3.24865;4.4127;653.75;9999.00;
22/07/2019 01:16:04.216;100;-13035.922;4854.711;646.041;4.416;17.55;54;0.0516;77;0.000091680;61;1.2408;3.25008;4.4204;657.44;9999.00;
22/07/2019 01:16:34.222;100;-13035.922;4854.711;650.519;4.395;17.18;52;0.0258;78;0.000094736;62;1.3442;3.24906;4.4045;660.64;9999.00;
22/07/2019 01:17:04.227;100;-13035.922;4854.711;652.842;4.393;16.31;53;0.0387;77;0.000091680;62;1.3442;3.24916;4.3990;664.29;9999.00;
22/07/2019 01:17:34.235;100;-13035.922;4854.711;657.172;4.391;15.83;50;0.0000;74;0.000082512;63;1.4476;3.24967;4.4003;667.44;9999.00;
22/07/2019 01:18:04.370;100;-13035.922;4854.711;659.410;4.387;15.69;51;0.0129;78;0.000094736;62;1.3442;3.24931;4.3932;671.02;9999.00;
22/07/2019 01:18:34.378;100;-13035.922;4854.711;663.782;4.373;15.03;52;0.0258;81;0.000103904;63;1.4476;3.24869;4.3802;674.12;9999.00;
22/07/2019 01:19:04.384;100;-13035.922;4854.711;665.915;4.370;14.71;51;0.0129;78;0.000094736;62;1.3442;3.24866;4.3754;677.66;9999.00;
22/07/2019 01:19:34.390;100;-13035.922;4854.711;670.265;4.368;14.43;54;0.0516;76;0.000088624;64;1.5510;3.24877;4.3740;680.72;9999.00;
22/07/2019 01:20:04.397;100;-13035.922;4854.711;672.356;4.342;14.26;50;0.0000;77;0.000091680;62;1.3442;3.24720;4.3521;684.18;9999.00;
22/07/2019 01:20:34.406;100;-13035.922;4854.711;676.580;4.332;14.18;53;0.0387;79;0.000097792;64;1.5510;3.24604;4.3360;687.19;9999.00;
22/07/2019 01:21:04.411;100;-13035.922;4854.711;678.670;4.320;13.97;51;0.0129;78;0.000094736;64;1.5510;3.24526;4.3240;690.65;9999.00;
22/07/2019 01:21:34.417;100;-13035.922;4854.711;682.915;4.313;13.83;52;0.0258;79;0.000097792;62;1.3442;3.24499;4.3192;693.66;9999.00;
22/07/2019 01:22:04.422;100;-13035.922;4854.711;684.984;4.310;13.73;52;0.0258;77;0.000091680;62;1.3442;3.24497;4.3163;697.04;9999.00;
22/07/2019 01:22:34.429;100;-13035.922;4854.711;689.123;4.307;13.45;55;0.0645;79;0.000097792;62;1.3442;3.24494;4.3127;699.97;9999.00;
22/07/2019 01:23:04.435;100;-13035.922;4854.711;691.193;4.301;13.38;52;0.0258;78;0.000094736;64;1.5510;3.24478;4.3085;703.32;9999.00;
22/07/2019 01:23:34.443;100;-13035.922;4854.711;695.374;4.289;13.34;54;0.0516;76;0.000088624;61;1.2408;3.24375;4.2941;706.26;9999.00;
22/07/2019 01:24:04.450;100;-13035.922;4854.711;697.295;4.278;12.94;54;0.0516;77;0.000091680;64;1.5510;3.24334;4.2848;709.55;9999.00;
22/07/2019 01:24:34.456;100;-13035.922;4854.711;701.370;4.272;12.54;52;0.0258;77;0.000091680;61;1.2408;3.24309;4.2772;712.42;9999.00;
22/07/2019 01:25:04.463;118;-13035.922;4854.711;700.674;4.280;12.53;54;0.0516;76;0.000088624;61;1.2408;3.24354;4.2858;710.84;9999.00;
22/07/2019 01:25:34.470;118;-13035.922;4854.711;695.374;4.294;13.16;54;0.0516;76;0.000088624;62;1.3442;3.24363;4.2935;706.34;9999.00;
22/07/2019 01:26:04.478;117;-13035.922;4854.711;690.559;4.303;13.50;53;0.0387;82;0.000106960;63;1.4476;3.24438;4.3090;698.46;9999.00;
22/07/2019 01:26:34.484;117;-13035.922;4854.711;684.963;4.326;13.95;53;0.0387;80;0.000100848;62;1.3442;3.24563;4.3310;691.20;9999.00;
22/07/2019 01:27:04.492;117;-13035.922;4854.711;674.806;4.364;14.22;54;0.0516;79;0.000097792;64;1.5510;3.24837;4.3700;682.89;9999.00;
22/07/2019 01:27:34.500;117;-13035.922;4854.711;669.568;4.373;14.93;54;0.0516;77;0.000091680;63;1.4476;3.24858;4.3812;675.50;9999.00;
22/07/2019 01:28:04.506;117;-13035.922;4854.711;659.178;4.388;15.68;55;0.0645;78;0.000094736;63;1.4476;3.24894;4.3941;667.05;9999.00;
22/07/2019 01:28:34.513;117;-13035.922;4854.711;654.088;4.407;16.97;52;0.0258;78;0.000094736;62;1.3442;3.24903;4.4075;659.68;9999.00;
22/07/2019 01:29:04.518;117;-13035.922;4854.711;643.760;4.403;19.59;52;0.0258;78;0.000094736;61;1.2408;3.24727;4.4075;651.30;9999.00;
22/07/2019 01:29:34.526;117;-13035.922;4854.711;638.628;4.440;20.35;51;0.0129;79;0.000097792;63;1.4476;3.24866;4.4305;644.12;9999.00;
22/07/2019 01:30:04.532;117;-13035.922;4854.711;628.764;4.480;21.04;54;0.0516;80;0.000100848;61;1.2408;3.25244;4.4825;636.09;9999.00;
22/07/2019 01:30:34.539;117;-13035.922;4854.711;623.821;4.479;22.20;54;0.0516;79;0.000097792;61;1.2408;3.25158;4.4827;628.94;9999.00;
22/07/2019 01:31:04.545;117;-13035.922;4854.711;613.724;4.514;24.00;53;0.0387;78;0.000094736;63;1.4476;3.25321;4.5137;620.77;9999.00;
22/07/2019 01:31:34.550;117;-13035.922;4854.711;608.655;4.545;24.36;53;0.0387;78;0.000094736;62;1.3442;3.25582;4.5473;613.69;9999.00;
22/07/2019 01:32:04.558;117;-13035.922;4854.711;598.768;4.578;24.52;55;0.0645;77;0.000091680;61;1.2408;3.25813;4.5783;605.63;9999.00;
22/07/2019 01:32:34.563;117;-13035.922;4854.711;593.846;4.561;27.51;55;0.0645;77;0.000091680;62;1.3442;3.25598;4.5694;598.51;9999.00;
22/07/2019 01:33:04.571;117;-13035.922;4854.711;584.043;4.568;30.40;54;0.0516;77;0.000091680;64;1.5510;3.25461;4.5704;590.54;9999.00;
22/07/2019 01:33:34.572;117;-13035.922;4854.711;579.036;4.630;31.12;50;0.0000;77;0.000091680;64;1.5510;3.25897;4.6288;583.49;9999.00;
22/07/2019 01:34:04.583;117;-13035.922;4854.711;569.191;4.693;32.82;54;0.0516;78;0.000094736;63;1.4476;3.26462;4.7032;575.43;9999.00;
22/07/2019 01:34:34.591;117;-13035.922;4854.711;564.226;4.695;34.67;53;0.0387;78;0.000094736;64;1.5510;3.26220;4.6842;568.37;9999.00;
22/07/2019 01:35:04.598;117;-13035.922;4854.711;554.295;4.756;33.15;51;0.0129;79;0.000097792;63;1.4476;3.26896;4.7588;560.33;9999.00;
22/07/2019 01:35:34.606;117;-13035.922;4854.711;549.435;4.774;34.17;53;0.0387;77;0.000091680;63;1.4476;3.27001;4.7773;553.39;9999.00;
22/07/2019 01:36:04.611;117;-13035.922;4854.711;539.715;4.765;37.26;52;0.0258;79;0.000097792;62;1.3442;3.26844;4.7741;545.51;9999.00;
22/07/2019 01:36:34.619;117;-13035.922;4854.711;534.919;4.772;39.34;54;0.0516;75;0.000085568;60;1.1374;3.26780;4.7774;538.62;9999.00;
22/07/2019 01:37:04.625;117;-13035.922;4854.711;525.262;4.849;39.55;56;0.0774;81;0.000103904;62;1.3442;3.27337;4.8463;530.81;9999.00;
22/07/2019 01:37:34.633;117;-13035.922;4854.711;520.443;4.936;40.82;52;0.0258;78;0.000094736;64;1.5510;3.28093;4.9389;524.13;9999.00;
22/07/2019 01:38:04.638;117;-13035.922;4854.711;511.229;4.990;41.55;51;0.0129;79;0.000097792;63;1.4476;3.28484;4.9890;516.54;9999.00;
22/07/2019 01:38:34.644;117;-13035.922;4854.711;506.580;5.109;40.71;52;0.0258;79;0.000097792;59;1.0340;3.29142;5.0661;509.92;9999.00;
22/07/2019 01:39:04.650;117;-13035.922;4854.711;497.175;5.170;39.36;55;0.0645;80;0.000100848;61;1.2408;3.30199;5.1792;502.30;9999.00;
22/07/2019 01:39:34.796;117;-13035.922;4854.711;492.694;5.192;41.01;56;0.0774;79;0.000097792;63;1.4476;3.30276;5.1952;495.72;9999.00;
22/07/2019 01:40:04.804;117;-13035.922;4854.711;483.226;5.195;43.68;53;0.0387;77;0.000091680;61;1.2408;3.30228;5.2018;488.08;9999.00;
22/07/2019 01:40:34.811;117;-13035.922;4854.711;478.618;5.199;46.79;54;0.0516;78;0.000094736;59;1.0340;3.30073;5.1959;481.45;9999.00;
22/07/2019 01:41:04.816;117;-13035.922;4854.711;469.360;5.244;50.39;52;0.0258;78;0.000094736;63;1.4476;3.30292;5.2358;473.98;9999.00;
22/07/2019 01:41:34.822;117;-13035.922;4854.711;464.773;5.332;48.22;52;0.0258;80;0.000100848;64;1.5510;3.31231;5.3385;467.43;9999.00;
22/07/2019 01:42:04.829;117;-13035.922;4854.711;455.747;5.394;48.18;55;0.0645;82;0.000106960;63;1.4476;3.31702;5.3940;460.08;9999.00;
22/07/2019 01:42:34.835;117;-13035.922;4854.711;451.329;5.324;56.86;54;0.0516;83;0.000110016;62;1.3442;3.30871;5.3254;453.91;9999.00;
22/07/2019 01:43:04.842;117;-13035.922;4854.711;442.704;5.360;61.13;54;0.0516;81;0.000103904;63;1.4476;3.31147;5.3713;446.86;9999.00;
22/07/2019 01:43:34.848;117;-13035.922;4854.711;438.307;5.397;62.08;54;0.0516;82;0.000106960;63;1.4476;3.31281;5.3925;440.57;9999.00;
22/07/2019 01:44:04.853;117;-13035.922;4854.711;429.491;5.524;59.98;51;0.0129;83;0.000110016;61;1.2408;3.32235;5.5000;433.42;9999.00;
22/07/2019 01:44:34.870;117;-13035.922;4854.711;425.030;5.620;56.42;53;0.0387;77;0.000091680;64;1.5510;3.33251;5.6055;427.19;9999.00;
22/07/2019 01:45:04.875;117;-13035.922;4854.711;416.404;5.754;54.51;53;0.0387;84;0.000113072;63;1.4476;3.34522;5.7463;420.10;9999.00;
22/07/2019 01:45:34.883;117;-13035.922;4854.711;412.006;5.813;55.31;54;0.0516;82;0.000106960;64;1.5510;3.35079;5.8124;413.84;9999.00;
22/07/2019 01:46:04.888;117;-13035.922;4854.711;403.359;5.832;56.71;53;0.0387;82;0.000106960;64;1.5510;3.35234;5.8347;406.81;9999.00;
22/07/2019 01:46:34.896;117;-13035.922;4854.711;399.003;5.849;58.17;53;0.0387;82;0.000106960;61;1.2408;3.35333;5.8521;400.68;9999.00;
22/07/2019 01:47:04.901;117;-13035.922;4854.711;390.418;5.893;59.01;50;0.0000;85;0.000116128;60;1.1374;3.35693;5.8972;393.81;9999.00;
22/07/2019 01:47:34.907;117;-13035.922;4854.711;386.337;5.935;59.88;51;0.0129;84;0.000113072;60;1.1374;3.35887;5.9228;387.81;9999.00;
22/07/2019 01:48:04.913;117;-13035.922;4854.711;377.795;5.999;61.43;52;0.0258;84;0.000113072;62;1.3442;3.36486;5.9996;380.84;9999.00;
22/07/2019 01:48:34.919;117;-13035.922;4854.711;373.502;6.052;63.11;51;0.0129;83;0.000110016;61;1.2408;3.36843;6.0459;374.83;9999.00;
22/07/2019 01:49:04.927;117;-13035.922;4854.711;365.403;6.091;64.25;53;0.0387;89;0.000128352;64;1.5510;3.37219;6.0927;368.25;9999.00;
22/07/2019 01:49:34.933;117;-13035.922;4854.711;361.321;6.112;64.77;55;0.0645;82;0.000106960;61;1.2408;3.37379;6.1144;362.40;9999.00;
22/07/2019 01:50:04.939;117;-13035.922;4854.711;352.989;6.157;65.21;54;0.0516;83;0.000110016;64;1.5510;3.37715;6.1574;355.54;9999.00;
22/07/2019 01:50:34.946;117;-13035.922;4854.711;348.653;6.206;66.25;54;0.0516;87;0.000122240;61;1.2408;3.38072;6.2020;349.49;9999.00;
22/07/2019 01:51:04.953;117;-13035.922;4854.711;340.278;6.244;66.89;55;0.0645;84;0.000113072;62;1.3442;3.38425;6.2466;342.74;9999.00;
22/07/2019 01:51:34.959;117;-13035.922;4854.711;336.238;6.258;67.79;51;0.0129;95;0.000146688;62;1.3442;3.38509;6.2598;336.91;9999.00;
22/07/2019 01:52:04.966;117;-13035.922;4854.711;327.990;6.313;68.23;52;0.0258;84;0.000113072;63;1.4476;3.38971;6.3187;330.21;9999.00;
22/07/2019 01:52:34.973;117;-13035.922;4854.711;323.886;6.371;69.33;55;0.0645;84;0.000113072;63;1.4476;3.39359;6.3670;324.40;9999.00;
22/07/2019 01:53:04.977;117;-13035.922;4854.711;315.489;6.408;69.41;53;0.0387;85;0.000116128;61;1.2408;3.39733;6.4138;317.54;9999.00;
22/07/2019 01:53:34.986;117;-13035.922;4854.711;311.322;6.455;71.09;54;0.0516;86;0.000119184;62;1.3442;3.40091;6.4600;311.59;9999.00;
22/07/2019 01:54:04.992;117;-13035.922;4854.711;303.199;6.500;72.17;53;0.0387;86;0.000119184;63;1.4476;3.40401;6.5003;304.96;9999.00;
22/07/2019 01:54:35.000;117;-13035.922;4854.711;299.117;6.559;73.00;54;0.0516;89;0.000128352;63;1.4476;3.40736;6.5419;299.17;9999.00;
22/07/2019 01:55:05.007;117;-13035.922;4854.711;290.909;6.592;74.26;53;0.0387;85;0.000116128;60;1.1374;3.41127;6.5925;292.56;9999.00;
22/07/2019 01:55:35.013;117;-13035.922;4854.711;286.847;6.655;75.30;53;0.0387;85;0.000116128;60;1.1374;3.41596;6.6520;286.61;9999.00;
22/07/2019 01:56:05.019;117;-13035.922;4854.711;278.343;6.684;76.29;52;0.0258;86;0.000119184;61;1.2408;3.41878;6.6887;279.72;9999.00;
22/07/2019 01:56:35.161;117;-13035.922;4854.711;274.239;6.769;77.04;56;0.0774;86;0.000119184;60;1.1374;3.42510;6.7668;273.84;9999.00;
22/07/2019 01:57:05.167;117;-13035.922;4854.711;266.009;6.827;78.06;54;0.0516;86;0.000119184;62;1.3442;3.42991;6.8274;267.16;9999.00;
22/07/2019 01:57:35.174;117;-13035.922;4854.711;261.947;6.883;79.55;55;0.0645;96;0.000149744;60;1.1374;3.43391;6.8776;261.32;9999.00;
22/07/2019 01:58:05.181;117;-13035.922;4854.711;253.653;6.913;81.68;54;0.0516;89;0.000128352;61;1.2408;3.43668;6.9148;254.63;9999.00;
22/07/2019 01:58:35.197;117;-13035.922;4854.711;249.590;6.955;82.85;55;0.0645;85;0.000116128;62;1.3442;3.43983;6.9549;248.86;9999.00;
22/07/2019 01:59:05.203;117;-13035.922;4854.711;241.592;6.972;83.66;50;0.0000;86;0.000119184;61;1.2408;3.44135;6.9756;242.34;9999.00;
22/07/2019 01:59:35.210;117;-13035.922;4854.711;237.593;7.021;86.26;51;0.0129;88;0.000125296;61;1.2408;3.44424;7.0164;236.71;9999.00;
22/07/2019 02:00:05.217;117;-13035.922;4854.711;229.806;7.046;85.14;52;0.0258;85;0.000116128;60;1.1374;3.44713;7.0517;230.43;9999.00;
22/07/2019 02:00:35.223;117;-13035.922;4854.711;226.082;7.064;87.42;54;0.0516;90;0.000131408;59;1.0340;3.44755;7.0604;224.99;9999.00;
22/07/2019 02:01:05.230;117;-13035.922;4854.711;218.443;7.074;88.17;54;0.0516;88;0.000125296;61;1.2408;3.44880;7.0786;218.79;9999.00;
22/07/2019 02:01:35.237;117;-13035.922;4854.711;214.571;7.122;90.87;54;0.0516;85;0.000116128;62;1.3442;3.45111;7.1097;213.45;9999.00;
22/07/2019 02:02:05.243;117;-13035.922;4854.711;207.185;7.141;92.07;54;0.0516;85;0.000116128;61;1.2408;3.45375;7.1457;207.41;9999.00;
22/07/2019 02:02:35.250;117;-13035.922;4854.711;203.355;7.190;93.76;53;0.0387;95;0.000146688;63;1.4476;3.45647;7.1838;201.97;9999.00;
22/07/2019 02:03:05.256;117;-13035.922;4854.711;195.778;7.206;94.61;52;0.0258;86;0.000119184;62;1.3442;3.45848;7.2107;195.83;9999.00;
22/07/2019 02:03:35.263;117;-13035.922;4854.711;192.117;7.267;97.55;52;0.0258;94;0.000143632;62;1.3442;3.46249;7.2662;190.47;9999.00;
22/07/2019 02:04:05.269;117;-13035.922;4854.711;184.603;7.346;100.16;53;0.0387;88;0.000125296;61;1.2408;3.46804;7.3430;184.47;9999.00;
22/07/2019 02:04:35.276;117;-13035.922;4854.711;181.005;7.384;104.71;52;0.0258;89;0.000128352;63;1.4476;3.47098;7.3845;179.31;9999.00;
22/07/2019 02:05:05.282;117;-13035.922;4854.711;173.640;7.491;111.92;53;0.0387;90;0.000131408;60;1.1374;3.47715;7.4778;173.35;9999.00;
22/07/2019 02:05:35.289;117;-13035.922;4854.711;170.148;7.532;115.98;51;0.0129;89;0.000128352;61;1.2408;3.48015;7.5305;168.40;9999.00;
22/07/2019 02:06:05.295;117;-13035.922;4854.711;163.396;7.572;128.43;51;0.0129;87;0.000122240;59;1.0340;3.48043;7.5769;162.90;9999.00;
22/07/2019 02:06:35.300;117;-13035.922;4854.711;159.988;7.568;139.88;51;0.0129;90;0.000131408;61;1.2408;3.47781;7.5714;157.96;9999.00;
22/07/2019 02:07:05.309;117;-13035.922;4854.711;152.960;7.602;145.25;54;0.0516;87;0.000122240;59;1.0340;3.47742;7.6009;152.38;9999.00;
22/07/2019 02:07:35.315;117;-13035.922;4854.711;149.467;7.638;149.20;51;0.0129;85;0.000116128;59;1.0340;3.47548;7.6384;147.31;9999.00;
22/07/2019 02:08:05.321;117;-13035.922;4854.711;142.080;7.646;158.87;52;0.0258;90;0.000131408;61;1.2408;3.46826;7.6493;141.32;9999.00;
22/07/2019 02:08:35.326;117;-13035.922;4854.711;138.587;7.637;172.33;57;0.0903;95;0.000146688;58;0.9306;3.46199;7.6494;136.41;9999.00;
22/07/2019 02:09:05.334;117;-13035.922;4854.711;131.770;7.544;203.70;51;0.0129;89;0.000128352;61;1.2408;3.43662;7.5554;130.81;9999.00;
22/07/2019 02:09:35.339;117;-13035.922;4854.711;128.383;7.522;216.28;52;0.0258;88;0.000125296;58;0.9306;3.43158;7.5230;125.98;9999.00;
22/07/2019 02:10:05.347;117;-13035.922;4854.711;121.609;7.494;230.44;56;0.0774;88;0.000125296;59;1.0340;3.42048;7.4964;120.59;9999.00;
22/07/2019 02:10:35.355;117;-13035.922;4854.711;118.264;7.486;250.64;54;0.0516;87;0.000122240;57;0.8272;3.40790;7.4958;115.83;9999.00;
22/07/2019 02:11:05.361;117;-13035.922;4854.711;111.785;7.433;264.79;55;0.0645;87;0.000122240;59;1.0340;3.39213;7.4314;110.65;9999.00;
22/07/2019 02:11:35.366;117;-13035.922;4854.711;108.800;7.453;269.11;53;0.0387;86;0.000119184;58;0.9306;3.39070;7.4594;106.27;9999.00;
22/07/2019 02:12:05.375;117;-13035.922;4854.711;102.576;7.417;278.88;56;0.0774;88;0.000125296;56;0.7238;3.38078;7.4228;101.29;9999.00;
22/07/2019 02:12:35.380;117;-13035.922;4854.711;99.738;7.380;286.56;54;0.0516;89;0.000128352;58;0.9306;3.37277;7.3868;97.31;9999.00;
22/07/2019 02:13:05.388;117;-13035.922;4854.711;94.276;7.570;300.65;60;0.1290;89;0.000128352;57;0.8272;3.37299;7.5656;92.88;9999.00;
22/07/2019 02:13:35.395;117;-13035.922;4854.711;91.502;7.741;312.29;58;0.1032;89;0.000128352;56;0.7238;3.37779;7.6975;89.08;9999.00;
22/07/2019 02:14:05.402;117;-13035.922;4854.711;86.611;7.927;320.54;59;0.1161;90;0.000131408;57;0.8272;3.38928;7.9330;85.18;9999.00;
22/07/2019 02:14:35.545;117;-13035.922;4854.711;84.303;8.006;326.38;61;0.1419;93;0.000140576;54;0.5170;3.39211;8.0150;81.60;9999.00;
22/07/2019 02:15:05.551;117;-13035.922;4854.711;80.132;8.302;333.35;70;0.2580;95;0.000146688;57;0.8272;3.41261;8.3077;78.62;9999.00;
22/07/2019 02:15:35.558;117;-13035.922;4854.711;78.035;8.411;336.04;69;0.2451;104;0.000174192;55;0.6204;3.42101;8.4233;75.31;9999.00;
22/07/2019 02:16:05.562;117;-13035.922;4854.711;74.118;8.519;338.21;74;0.3096;106;0.000180304;55;0.6204;3.42800;8.5156;72.55;9999.00;
22/07/2019 02:16:35.569;117;-13035.922;4854.711;72.234;8.778;342.82;84;0.4386;110;0.000192528;56;0.7238;3.44970;8.7973;69.44;9999.00;
22/07/2019 02:17:05.575;117;-13035.922;4854.711;68.401;9.014;345.30;94;0.5676;123;0.000232256;57;0.8272;3.46836;9.0185;66.79;9999.00;
22/07/2019 02:17:35.582;117;-13035.922;4854.711;66.580;9.246;346.47;114;0.8256;135;0.000268928;58;0.9306;3.48891;9.2617;63.76;9999.00;
22/07/2019 02:18:05.587;117;-13035.922;4854.711;62.916;9.284;347.08;111;0.7869;135;0.000268928;57;0.8272;3.49029;9.2756;61.15;9999.00;
22/07/2019 02:18:35.595;117;-13035.922;4854.711;61.074;9.446;347.72;123;0.9417;143;0.000293376;59;1.0340;3.50571;9.4581;58.16;9999.00;
22/07/2019 02:19:05.601;117;-13035.922;4854.711;57.347;9.500;347.94;125;0.9675;152;0.000320880;57;0.8272;3.50846;9.4911;55.52;9999.00;
22/07/2019 02:19:35.608;117;-13035.922;4854.711;55.483;9.667;348.03;130;1.0320;144;0.000296432;58;0.9306;3.52445;9.6799;52.46;9999.00;
22/07/2019 02:20:05.612;117;-13035.922;4854.711;51.693;9.883;347.83;146;1.2384;153;0.000323936;58;0.9306;3.54254;9.8902;49.76;9999.00;
22/07/2019 02:20:35.619;117;-13035.922;4854.711;49.850;10.387;350.05;234;2.3736;160;0.000345328;58;0.9306;3.58654;10.4024;46.69;9999.00;
22/07/2019 02:21:05.625;117;-13035.922;4854.711;46.250;10.527;350.67;241;2.4639;169;0.000372832;58;0.9306;3.59874;10.5298;44.19;9999.00;
22/07/2019 02:21:35.632;117;-13035.922;4854.711;44.513;10.991;353.67;257;2.6703;167;0.000366720;60;1.1374;3.64022;11.0147;41.44;9999.00;
22/07/2019 02:22:05.640;117;-13035.922;4854.711;41.188;11.181;356.01;264;2.7606;170;0.000375888;58;0.9306;3.65771;11.1998;39.04;9999.00;
22/07/2019 02:22:35.645;117;-13035.922;4854.711;39.409;11.582;359.28;272;2.8638;174;0.000388112;57;0.8272;3.69285;11.6032;36.30;9999.00;
22/07/2019 02:23:05.651;117;-13035.922;4854.711;36.084;11.866;362.85;269;2.8251;171;0.000378944;59;1.0340;3.71528;11.8608;33.91;9999.00;
22/07/2019 02:23:35.659;117;-13035.922;4854.711;34.411;12.396;363.28;205;1.9995;173;0.000385056;58;0.9306;3.76090;12.3899;31.15;9999.00;
22/07/2019 02:24:05.667;117;-13035.922;4854.711;31.086;13.463;347.40;122;0.9288;150;0.000314768;60;1.1374;3.85798;13.5001;28.84;9999.00;
22/07/2019 02:24:35.675;117;-13035.922;4854.711;29.604;13.767;342.33;111;0.7869;143;0.000293376;55;0.6204;3.88351;13.7694;26.38;9999.00;
22/07/2019 02:25:05.683;117;-13035.922;4854.711;26.554;14.556;327.68;111;0.7869;156;0.000333104;56;0.7238;3.95329;14.5400;24.27;9999.00;
22/07/2019 02:25:35.691;117;-13035.922;4854.711;25.262;14.962;319.29;114;0.8256;167;0.000366720;57;0.8272;3.99772;15.0162;22.14;9999.00;
22/07/2019 02:26:05.696;117;-13035.922;4854.711;22.763;15.324;312.03;110;0.7740;166;0.000363664;57;0.8272;4.02993;15.3570;20.37;9999.00;
22/07/2019 02:26:35.703;117;-13035.922;4854.711;21.534;15.349;312.32;110;0.7740;198;0.000461456;54;0.5170;4.03247;15.3721;18.37;9999.00;
22/07/2019 02:27:05.710;117;-13035.922;4854.711;18.971;15.431;312.05;102;0.6708;170;0.000375888;52;0.3102;4.03954;15.4443;16.49;9999.00;
22/07/2019 02:27:35.717;117;-13035.922;4854.711;17.637;15.588;310.70;99;0.6321;167;0.000366720;56;0.7238;4.05450;15.6135;14.21;9999.00;
22/07/2019 02:28:05.724;117;-13035.922;4854.711;14.884;15.639;310.51;98;0.6192;155;0.000330048;55;0.6204;4.05855;15.6559;12.23;9999.00;
22/07/2019 02:28:35.730;117;-13035.922;4854.711;13.464;15.679;309.72;99;0.6321;169;0.000372832;52;0.3102;4.06138;15.6921;9.96;9999.00;
22/07/2019 02:29:05.736;117;-13035.922;4854.711;10.711;15.690;309.57;98;0.6192;149;0.000311712;52;0.3102;4.06197;15.6997;8.01;9999.00;
