PLD_REALTIMECLOCK;NAV_RESOURCE;NAV_LONGITUDE;NAV_LATITUDE;NAV_DEPTH;AROD_FT_TEMP;AROD_FT_DO;FLBBCD_CHL_COUNT;FLBBCD_CHL_SCALED;FLBBCD_BB_700_COUNT;FLBBCD_BB_700_SCALED;FLBBCD_CDOM_COUNT;FLBBCD_CDOM_SCALED;GPCTD_CONDUCTIVITY;GPCTD_TEMPERATURE;GPCTD_PRESSURE;GPCTD_DOF;
15/06/2019 23:23:36.463;117;-12839.740;5122.557;7.873;12.876;333.36;86;0.4644;255;0.000635648;58;0.9306;3.75884;12.8879;6.45;9999.00;
15/06/2019 23:24:06.470;110;-12839.740;5122.557;9.737;12.792;334.50;101;0.6579;283;0.000721216;57;0.8272;3.75656;12.8561;8.75;9999.00;
15/06/2019 23:24:36.612;100;-12839.740;5122.557;13.994;12.326;339.89;136;1.1094;259;0.000647872;61;1.2408;3.71379;12.3529;15.48;9999.00;
15/06/2019 23:25:06.619;100;-12839.740;5122.557;23.589;11.484;336.41;154;1.3416;219;0.000525632;59;1.0340;3.64888;11.5697;22.09;9999.00;
15/06/2019 23:25:36.626;100;-12839.740;5122.557;28.079;11.107;329.43;120;0.9030;181;0.000409504;62;1.3442;3.61304;11.1386;29.22;9999.00;
15/06/2019 23:26:06.633;100;-12839.740;5122.557;36.339;10.878;327.11;126;0.9804;185;0.000421728;62;1.3442;3.60404;11.0271;35.14;9999.00;
15/06/2019 23:26:36.641;100;-12839.740;5122.557;40.468;10.146;303.21;99;0.6321;157;0.000336160;62;1.3442;3.54000;10.1703;41.81;9999.00;
15/06/2019 23:27:06.648;100;-12839.740;5122.557;48.474;9.932;298.52;87;0.4773;151;0.000317824;62;1.3442;3.52402;9.9624;47.54;9999.00;
15/06/2019 23:27:36.654;100;-12839.740;5122.557;52.476;9.753;294.84;81;0.3999;135;0.000268928;63;1.4476;3.51017;9.7725;53.96;9999.00;
15/06/2019 23:28:06.661;100;-12839.740;5122.557;60.523;9.626;292.39;77;0.3483;143;0.000293376;62;1.3442;3.49972;9.6347;59.74;9999.00;
15/06/2019 23:28:36.667;100;-12839.740;5122.557;64.356;9.414;290.32;78;0.3612;139;0.000281152;63;1.4476;3.48597;9.4404;65.94;9999.00;
15/06/2019 23:29:06.675;100;-12839.740;5122.557;71.895;9.338;288.24;70;0.2580;137;0.000275040;64;1.5510;3.47905;9.3412;71.34;9999.00;
15/06/2019 23:29:36.682;100;-12839.740;5122.557;75.833;9.232;289.38;66;0.2064;143;0.000293376;61;1.2408;3.47450;9.2637;77.65;9999.00;
15/06/2019 23:30:06.689;100;-12839.740;5122.557;83.308;8.765;280.12;60;0.1290;122;0.000229200;60;1.1374;3.43471;8.7704;82.95;9999.00;
15/06/2019 23:30:36.695;100;-12839.740;5122.557;86.950;8.648;269.41;60;0.1290;138;0.000278096;62;1.3442;3.43466;8.6973;88.78;9999.00;
15/06/2019 23:31:06.703;100;-12839.740;5122.557;94.212;8.393;251.40;56;0.0774;135;0.000268928;60;1.1374;3.42655;8.4164;94.04;9999.00;
15/06/2019 23:31:36.710;100;-12839.740;5122.557;97.621;8.093;217.40;54;0.0516;139;0.000281152;59;1.0340;3.42635;8.0942;99.51;9999.00;
15/06/2019 23:32:06.716;100;-12839.740;5122.557;103.952;7.927;196.58;53;0.0387;133;0.000262816;60;1.1374;3.42892;7.9498;103.98;9999.00;
15/06/2019 23:32:36.723;100;-12839.740;5122.557;107.085;7.795;179.47;52;0.0258;135;0.000268928;61;1.2408;3.43121;7.7991;109.07;9999.00;
15/06/2019 23:33:06.737;100;-12839.740;5122.557;113.162;7.725;176.98;56;0.0774;129;0.000250592;62;1.3442;3.43210;7.7306;113.43;9999.00;
15/06/2019 23:33:36.746;100;-12839.740;5122.557;116.231;7.698;174.28;54;0.0516;132;0.000259760;60;1.1374;3.43256;7.7050;118.27;9999.00;
15/06/2019 23:34:06.753;100;-12839.740;5122.557;122.519;7.409;148.17;54;0.0516;160;0.000345328;60;1.1374;3.42860;7.4832;122.80;9999.00;
15/06/2019 23:34:36.759;100;-12839.740;5122.557;125.441;7.279;138.00;53;0.0387;143;0.000293376;61;1.2408;3.42467;7.2815;127.63;9999.00;
15/06/2019 23:35:06.772;100;-12839.740;5122.557;131.114;7.228;134.27;52;0.0258;138;0.000278096;62;1.3442;3.42283;7.2326;131.66;9999.00;
15/06/2019 23:35:36.779;100;-12839.740;5122.557;133.803;7.175;127.65;55;0.0645;142;0.000290320;59;1.0340;3.42309;7.1750;136.07;9999.00;
15/06/2019 23:36:06.785;100;-12839.740;5122.557;139.201;7.167;125.53;51;0.0129;148;0.000308656;60;1.1374;3.42404;7.1739;139.78;9999.00;
15/06/2019 23:36:36.792;100;-12839.740;5122.557;141.529;7.117;120.52;56;0.0774;148;0.000308656;60;1.1374;3.42478;7.1325;143.84;9999.00;
15/06/2019 23:37:06.799;100;-12839.740;5122.557;146.419;7.033;113.48;55;0.0645;175;0.000391168;59;1.0340;3.42279;7.0404;147.26;9999.00;
15/06/2019 23:37:36.807;100;-12839.740;5122.557;148.748;6.947;110.02;55;0.0645;157;0.000336160;60;1.1374;3.41987;6.9564;151.22;9999.00;
15/06/2019 23:38:06.815;100;-12839.740;5122.557;153.574;6.929;108.72;53;0.0387;162;0.000351440;63;1.4476;3.41888;6.9353;154.59;9999.00;
15/06/2019 23:38:36.821;100;-12839.740;5122.557;155.987;6.909;107.98;55;0.0645;167;0.000366720;63;1.4476;3.41739;6.9122;158.41;9999.00;
15/06/2019 23:39:06.826;100;-12839.740;5122.557;160.623;6.848;107.17;56;0.0774;169;0.000372832;59;1.0340;3.41457;6.8605;161.74;9999.00;
15/06/2019 23:39:36.835;100;-12839.740;5122.557;162.909;6.702;104.29;54;0.0516;147;0.000305600;61;1.2408;3.40514;6.7127;165.52;9999.00;
15/06/2019 23:40:06.840;100;-12839.740;5122.557;167.925;6.575;101.87;53;0.0387;139;0.000281152;60;1.1374;3.39805;6.5939;169.04;9999.00;
15/06/2019 23:40:36.848;100;-12839.740;5122.557;170.359;6.519;100.98;52;0.0258;137;0.000275040;61;1.2408;3.39422;6.5292;173.09;9999.00;
15/06/2019 23:41:06.854;100;-12839.740;5122.557;175.291;6.491;100.35;51;0.0129;128;0.000247536;61;1.2408;3.39238;6.5030;176.59;9999.00;
15/06/2019 23:41:36.860;100;-12839.740;5122.557;177.598;6.347;95.93;52;0.0258;150;0.000314768;64;1.5510;3.38165;6.3566;180.33;9999.00;
15/06/2019 23:42:06.867;100;-12839.740;5122.557;181.958;6.256;92.22;53;0.0387;183;0.000415616;61;1.2408;3.37347;6.2571;183.48;9999.00;
15/06/2019 23:42:36.873;100;-12839.740;5122.557;184.117;6.200;90.63;54;0.0516;205;0.000482848;62;1.3442;3.37047;6.2210;186.98;9999.00;
15/06/2019 23:43:06.881;100;-12839.740;5122.557;188.477;6.183;89.73;56;0.0774;207;0.000488960;61;1.2408;3.36828;6.1933;190.03;9999.00;
15/06/2019 23:43:36.888;100;-12839.740;5122.557;190.572;6.152;88.72;52;0.0258;204;0.000479792;62;1.3442;3.36557;6.1581;193.44;9999.00;
15/06/2019 23:44:06.894;100;-12839.740;5122.557;194.614;6.132;88.12;54;0.0516;221;0.000531744;62;1.3442;3.36369;6.1338;196.39;9999.00;
15/06/2019 23:44:36.900;100;-12839.740;5122.557;196.794;6.125;88.02;52;0.0258;224;0.000540912;61;1.2408;3.36334;6.1289;199.74;9999.00;
15/06/2019 23:45:06.905;118;-12839.740;5122.557;199.312;6.126;87.96;53;0.0387;244;0.000602032;60;1.1374;3.36324;6.1283;201.01;9999.00;
15/06/2019 23:45:36.911;118;-12839.740;5122.557;195.503;6.132;87.97;51;0.0129;222;0.000534800;62;1.3442;3.36340;6.1342;197.02;9999.00;
15/06/2019 23:46:06.918;117;-12839.740;5122.557;189.408;6.194;89.00;52;0.0258;182;0.000412560;62;1.3442;3.36553;6.1662;191.20;9999.00;
15/06/2019 23:46:36.925;117;-12839.740;5122.557;184.413;6.263;90.60;52;0.0258;163;0.000354496;63;1.4476;3.37161;6.2475;183.88;9999.00;
15/06/2019 23:47:06.932;117;-12839.740;5122.557;175.185;6.485;99.09;53;0.0387;133;0.000262816;61;1.2408;3.38651;6.4461;177.35;9999.00;
15/06/2019 23:47:36.937;117;-12839.740;5122.557;170.719;6.563;100.68;55;0.0645;149;0.000311712;63;1.4476;3.39338;6.5400;169.99;9999.00;
15/06/2019 23:48:06.955;117;-12839.740;5122.557;162.316;6.836;105.01;52;0.0258;155;0.000330048;62;1.3442;3.40694;6.7775;164.04;9999.00;
15/06/2019 23:48:36.961;117;-12839.740;5122.557;157.892;6.907;107.66;53;0.0387;172;0.000382000;61;1.2408;3.41594;6.9120;157.06;9999.00;
15/06/2019 23:49:06.970;117;-12839.740;5122.557;148.959;6.939;108.71;52;0.0258;156;0.000333104;59;1.0340;3.41788;6.9429;150.72;9999.00;
15/06/2019 23:49:36.976;117;-12839.740;5122.557;144.599;7.041;112.91;56;0.0774;158;0.000339216;62;1.3442;3.42154;7.0429;143.54;9999.00;
15/06/2019 23:50:06.983;117;-12839.740;5122.557;135.877;7.161;123.30;54;0.0516;147;0.000305600;61;1.2408;3.42310;7.1659;137.38;9999.00;
15/06/2019 23:50:36.990;117;-12839.740;5122.557;131.347;7.249;134.48;51;0.0129;133;0.000262816;62;1.3442;3.42088;7.2390;130.13;9999.00;
15/06/2019 23:51:06.996;117;-12839.740;5122.557;123.218;7.337;140.99;54;0.0516;132;0.000259760;61;1.2408;3.42283;7.3212;124.32;9999.00;
15/06/2019 23:51:37.003;117;-12839.740;5122.557;119.640;7.585;155.91;54;0.0516;143;0.000293376;61;1.2408;3.42728;7.5511;118.52;9999.00;
15/06/2019 23:52:07.009;117;-12839.740;5122.557;112.780;7.688;172.02;56;0.0774;129;0.000250592;62;1.3442;3.43073;7.6950;113.63;9999.00;
15/06/2019 23:52:37.016;117;-12839.740;5122.557;109.287;7.807;180.99;53;0.0387;129;0.000250592;63;1.4476;3.42865;7.7961;108.03;9999.00;
15/06/2019 23:53:07.023;117;-12839.740;5122.557;102.491;7.934;192.27;51;0.0129;138;0.000278096;60;1.1374;3.42717;7.9044;103.20;9999.00;
15/06/2019 23:53:37.031;117;-12839.740;5122.557;99.103;8.120;219.16;53;0.0387;136;0.000271984;61;1.2408;3.42259;8.1111;97.87;9999.00;
15/06/2019 23:54:07.038;117;-12839.740;5122.557;93.217;8.300;240.93;57;0.0903;130;0.000253648;61;1.2408;3.42036;8.2715;93.78;9999.00;
15/06/2019 23:54:37.043;117;-12839.740;5122.557;90.507;8.414;250.70;59;0.1161;127;0.000244480;63;1.4476;3.42123;8.4232;89.28;9999.00;
15/06/2019 23:55:07.053;117;-12839.740;5122.557;85.616;8.687;266.97;61;0.1419;144;0.000296432;61;1.2408;3.42925;8.6799;85.38;9999.00;
15/06/2019 23:55:37.061;117;-12839.740;5122.557;83.647;8.890;277.15;66;0.2064;136;0.000271984;62;1.3442;3.43966;8.8974;82.60;9999.00;
15/06/2019 23:56:07.066;117;-12839.740;5122.557;79.772;9.041;284.09;65;0.1935;130;0.000253648;60;1.1374;3.44979;9.0528;79.39;9999.00;
15/06/2019 23:56:37.075;117;-12839.740;5122.557;77.803;9.332;288.80;73;0.2967;203;0.000476736;62;1.3442;3.47529;9.3416;76.65;9999.00;
15/06/2019 23:57:07.081;117;-12839.740;5122.557;73.991;9.380;292.75;71;0.2709;145;0.000299488;62;1.3442;3.47974;9.3911;73.53;9999.00;
15/06/2019 23:57:37.088;117;-12839.740;5122.557;72.106;9.409;291.22;72;0.2838;152;0.000320880;63;1.4476;3.48195;9.4189;70.89;9999.00;
15/06/2019 23:58:07.093;117;-12839.740;5122.557;68.231;9.431;289.83;72;0.2838;144;0.000296432;60;1.1374;3.48309;9.4374;67.76;9999.00;
15/06/2019 23:58:37.101;117;-12839.740;5122.557;66.262;9.552;291.75;76;0.3354;154;0.000326992;61;1.2408;3.49131;9.5412;64.89;9999.00;
15/06/2019 23:59:07.108;117;-12839.740;5122.557;61.942;9.508;300.16;77;0.3483;160;0.000345328;61;1.2408;3.48671;9.5170;61.31;9999.00;
15/06/2019 23:59:37.114;117;-12839.740;5122.557;59.697;9.502;306.29;79;0.3741;348;0.000919856;62;1.3442;3.48273;9.5076;58.20;9999.00;
16/06/2019 00:00:07.121;117;-12839.740;5122.557;55.504;9.763;300.60;85;0.4515;166;0.000363664;59;1.0340;3.50596;9.7809;54.78;9999.00;
16/06/2019 00:00:37.132;117;-12839.740;5122.557;53.535;9.937;298.12;90;0.5160;148;0.000308656;64;1.5510;3.51872;9.9423;51.96;9999.00;
16/06/2019 00:01:07.140;117;-12839.740;5122.557;49.638;10.018;301.16;93;0.5547;239;0.000586752;61;1.2408;3.52510;10.0274;48.78;9999.00;
16/06/2019 00:01:37.148;117;-12839.740;5122.557;47.584;10.112;301.36;98;0.6192;153;0.000323936;62;1.3442;3.52956;10.0877;46.02;9999.00;
16/06/2019 00:02:07.154;117;-12839.740;5122.557;43.793;10.253;302.77;112;0.7998;156;0.000333104;65;1.6544;3.54099;10.2412;42.92;9999.00;
16/06/2019 00:02:37.161;117;-12839.740;5122.557;41.824;10.515;311.46;123;0.9417;163;0.000354496;61;1.2408;3.56087;10.5130;40.11;9999.00;
16/06/2019 00:03:07.166;117;-12839.740;5122.557;37.885;10.652;315.88;120;0.9030;158;0.000339216;62;1.3442;3.57234;10.6623;36.84;9999.00;
16/06/2019 00:03:37.172;117;-12839.740;5122.557;35.979;10.876;316.83;131;1.0449;167;0.000366720;64;1.5510;3.58847;10.8808;34.24;9999.00;
16/06/2019 00:04:07.179;117;-12839.740;5122.557;32.675;11.727;336.63;202;1.9608;262;0.000657040;61;1.2408;3.65743;11.7538;31.63;9999.00;
16/06/2019 00:04:37.187;117;-12839.740;5122.557;31.171;12.038;339.38;184;1.7286;274;0.000693712;62;1.3442;3.68455;12.0583;29.47;9999.00;
16/06/2019 00:05:07.196;117;-12839.740;5122.557;28.163;12.133;339.55;165;1.4835;274;0.000693712;62;1.3442;3.69579;12.1785;26.99;9999.00;
16/06/2019 00:05:37.200;117;-12839.740;5122.557;26.617;12.201;339.23;154;1.3416;274;0.000693712;61;1.2408;3.69805;12.1981;24.81;9999.00;
16/06/2019 00:06:07.207;117;-12839.740;5122.557;23.398;12.303;339.11;143;1.1997;273;0.000690656;62;1.3442;3.70876;12.3170;22.23;9999.00;
16/06/2019 00:06:37.213;117;-12839.740;5122.557;21.767;12.353;338.82;138;1.1352;277;0.000702880;60;1.1374;3.71298;12.3638;19.94;9999.00;
16/06/2019 00:07:07.220;117;-12839.740;5122.557;18.611;12.440;338.55;127;0.9933;276;0.000699824;64;1.5510;3.71985;12.4424;17.30;9999.00;
16/06/2019 00:07:37.226;117;-12839.740;5122.557;16.980;12.590;337.70;112;0.7998;264;0.000663152;61;1.2408;3.73197;12.5827;15.02;9999.00;
16/06/2019 00:08:07.236;117;-12839.740;5122.557;13.803;12.682;336.86;105;0.7095;273;0.000690656;62;1.3442;3.74244;12.7007;12.45;9999.00;
16/06/2019 00:08:37.243;117;-12839.740;5122.557;12.215;12.809;335.39;102;0.6708;260;0.000650928;62;1.3442;3.75286;12.8218;10.21;9999.00;
16/06/2019 00:09:07.250;117;-12839.740;5122.557;9.016;13.188;331.97;100;0.6450;251;0.000623424;61;1.2408;3.78754;13.2252;7.54;9999.00;
