PLD_REALTIMECLOCK;NAV_RESOURCE;NAV_LONGITUDE;NAV_LATITUDE;NAV_DEPTH;AROD_FT_TEMP;AROD_FT_DO;FLBBCD_CHL_COUNT;FLBBCD_CHL_SCALED;FLBBCD_BB_700_COUNT;FLBBCD_BB_700_SCALED;FLBBCD_CDOM_COUNT;FLBBCD_CDOM_SCALED;GPCTD_CONDUCTIVITY;GPCTD_TEMPERATURE;GPCTD_PRESSURE;GPCTD_DOF;
15/06/2019 08:32:52.618;115;-12830.079;5126.521;8.423;12.770;342.92;140;1.1610;345;0.000910688;60;1.1374;3.76827;13.0538;7.74;9999.00;
15/06/2019 08:33:22.621;115;-12830.079;5126.521;5.161;12.997;340.34;150;1.2900;313;0.000812896;63;1.4476;3.75282;13.0882;5.33;9999.00;
15/06/2019 08:33:52.632;116;-12830.079;5126.521;1.243;12.873;347.69;151;1.3029;303;0.000782336;62;1.3442;3.72189;12.9706;0.76;9999.00;
15/06/2019 08:34:22.638;116;-12830.079;5126.521;1.200;12.962;349.73;157;1.3803;333;0.000874016;63;1.4476;3.72214;12.9671;0.18;9999.00;
15/06/2019 08:34:52.555;116;-12830.698;5126.046;1.243;12.968;350.09;160;1.4190;322;0.000840400;63;1.4476;3.72255;12.9717;0.17;9999.00;
15/06/2019 08:35:22.562;116;-12830.703;5126.044;1.243;12.973;350.16;148;1.2642;314;0.000815952;63;1.4476;3.72332;12.9797;0.20;9999.00;
15/06/2019 08:35:52.569;116;-12830.703;5126.044;1.243;12.968;350.17;152;1.3158;333;0.000874016;62;1.3442;3.72294;12.9743;0.15;9999.00;
15/06/2019 08:36:22.576;116;-12830.703;5126.044;1.243;12.974;349.94;151;1.3029;309;0.000800672;64;1.5510;3.72341;12.9797;0.70;9999.00;
15/06/2019 08:36:52.583;116;-12830.703;5126.044;1.243;12.967;349.99;156;1.3674;304;0.000785392;63;1.4476;3.72269;12.9705;0.26;9999.00;
15/06/2019 08:37:22.590;116;-12830.703;5126.044;1.243;12.970;350.02;161;1.4319;324;0.000846512;61;1.2408;3.72311;12.9753;0.38;9999.00;
15/06/2019 08:37:52.598;116;-12830.703;5126.044;1.243;12.973;350.04;153;1.3287;322;0.000840400;62;1.3442;3.72344;12.9766;0.28;9999.00;
15/06/2019 08:38:22.605;116;-12830.703;5126.044;1.243;12.971;349.84;151;1.3029;319;0.000831232;63;1.4476;3.72378;12.9779;0.53;9999.00;
15/06/2019 08:38:52.611;116;-12830.703;5126.044;1.243;12.973;349.67;146;1.2384;296;0.000760944;63;1.4476;3.72378;12.9760;0.43;9999.00;
15/06/2019 08:39:22.618;116;-12830.703;5126.044;1.243;12.977;349.50;152;1.3158;314;0.000815952;63;1.4476;3.72431;12.9814;0.26;9999.00;
15/06/2019 08:39:52.625;116;-12830.703;5126.044;1.243;12.984;350.02;154;1.3416;306;0.000791504;61;1.2408;3.72497;12.9883;0.16;9999.00;
15/06/2019 08:40:22.632;116;-12830.761;5126.001;1.264;12.992;349.82;143;1.1997;298;0.000767056;64;1.5510;3.72602;12.9963;0.11;9999.00;
15/06/2019 08:40:52.642;116;-12830.768;5125.995;1.200;12.987;349.59;149;1.2771;322;0.000840400;62;1.3442;3.72510;12.9861;0.59;9999.00;
15/06/2019 08:41:22.646;116;-12830.775;5125.989;1.264;12.985;349.52;147;1.2513;305;0.000788448;61;1.2408;3.72511;12.9875;0.20;9999.00;
15/06/2019 08:41:52.653;116;-12830.776;5125.988;1.222;12.985;349.42;153;1.3287;340;0.000895408;62;1.3442;3.72565;12.9894;0.14;9999.00;
15/06/2019 08:42:22.659;116;-12830.781;5125.986;1.179;12.990;349.24;147;1.2513;315;0.000819008;64;1.5510;3.72636;12.9947;0.10;9999.00;
15/06/2019 08:42:52.665;116;-12830.781;5125.986;1.179;12.996;349.25;148;1.2642;321;0.000837344;62;1.3442;3.72699;12.9995;0.81;9999.00;
15/06/2019 08:43:22.672;116;-12830.800;5125.975;1.264;12.991;349.14;148;1.2642;325;0.000849568;64;1.5510;3.72639;12.9937;0.16;9999.00;
15/06/2019 08:43:52.679;116;-12830.800;5125.974;1.200;12.988;349.06;157;1.3803;295;0.000757888;61;1.2408;3.72645;12.9934;0.23;9999.00;
15/06/2019 08:44:22.686;116;-12830.800;5125.974;1.200;12.992;349.13;158;1.3932;341;0.000898464;63;1.4476;3.72698;12.9976;0.21;9999.00;
15/06/2019 08:44:52.692;116;-12830.800;5125.974;1.200;13.001;349.20;146;1.2384;309;0.000800672;63;1.4476;3.72796;13.0064;0.21;9999.00;
15/06/2019 08:45:22.698;116;-12830.819;5125.962;1.264;12.990;349.15;145;1.2255;342;0.000901520;62;1.3442;3.72696;12.9954;0.36;9999.00;
15/06/2019 08:45:52.706;116;-12830.824;5125.957;1.306;12.996;349.16;147;1.2513;301;0.000776224;62;1.3442;3.72748;13.0010;0.49;9999.00;
15/06/2019 08:46:22.713;116;-12830.830;5125.955;1.264;12.996;349.28;151;1.3029;320;0.000834288;62;1.3442;3.72742;12.9988;0.19;9999.00;
15/06/2019 08:46:52.720;116;-12830.838;5125.950;1.264;12.989;348.94;155;1.3545;323;0.000843456;61;1.2408;3.72712;12.9947;0.18;9999.00;
15/06/2019 08:47:22.728;116;-12830.846;5125.944;1.222;12.985;349.10;150;1.2900;320;0.000834288;61;1.2408;3.72695;12.9924;0.13;9999.00;
15/06/2019 08:47:52.735;116;-12830.848;5125.942;1.158;12.984;349.01;151;1.3029;331;0.000867904;61;1.2408;3.72661;12.9855;0.26;9999.00;
15/06/2019 08:48:22.741;116;-12830.858;5125.937;1.158;12.982;348.81;150;1.2900;318;0.000828176;61;1.2408;3.72670;12.9862;0.08;9999.00;
15/06/2019 08:48:52.747;116;-12830.865;5125.934;1.497;12.990;349.18;162;1.4448;340;0.000895408;60;1.1374;3.72746;12.9943;0.98;9999.00;
15/06/2019 08:49:22.753;116;-12830.865;5125.933;1.243;12.985;348.67;153;1.3287;313;0.000812896;61;1.2408;3.72720;12.9915;0.20;9999.00;
15/06/2019 08:49:52.762;116;-12830.869;5125.931;1.222;12.985;349.22;164;1.4706;321;0.000837344;62;1.3442;3.72692;12.9866;0.82;9999.00;
15/06/2019 08:50:22.778;116;-12830.869;5125.931;1.222;12.982;348.86;154;1.3416;329;0.000861792;60;1.1374;3.72667;12.9839;0.16;9999.00;
15/06/2019 08:50:52.783;116;-12830.885;5125.921;1.222;12.976;348.88;157;1.3803;316;0.000822064;62;1.3442;3.72639;12.9783;0.12;9999.00;
15/06/2019 08:51:22.789;116;-12830.888;5125.918;1.200;12.984;348.98;160;1.4190;334;0.000877072;63;1.4476;3.72717;12.9876;0.24;9999.00;
15/06/2019 08:51:52.796;116;-12830.894;5125.913;1.222;12.987;348.79;154;1.3416;321;0.000837344;63;1.4476;3.72703;12.9834;0.26;9999.00;
15/06/2019 08:52:22.802;110;-12830.894;5125.913;1.709;12.982;348.49;146;1.2384;338;0.000889296;62;1.3442;3.72695;12.9823;1.08;9999.00;
15/06/2019 08:52:52.808;110;-12830.894;5125.913;8.233;13.029;341.41;138;1.1352;326;0.000852624;61;1.2408;3.75892;13.1121;8.23;9999.00;
15/06/2019 08:53:22.815;100;-12830.894;5125.913;16.578;12.280;348.89;209;2.0511;328;0.000858736;61;1.2408;3.72658;12.5061;15.74;9999.00;
15/06/2019 08:53:52.822;100;-12830.894;5125.913;21.407;11.291;328.62;121;0.9159;204;0.000479792;64;1.5510;3.64265;11.5020;22.75;9999.00;
15/06/2019 08:54:22.828;100;-12830.894;5125.913;29.074;10.329;324.80;96;0.5934;168;0.000369776;62;1.3442;3.55691;10.3947;28.19;9999.00;
15/06/2019 08:54:52.835;100;-12830.894;5125.913;32.971;9.514;312.36;73;0.2967;162;0.000351440;60;1.1374;3.49141;9.5606;34.41;9999.00;
15/06/2019 08:55:22.842;100;-12830.894;5125.913;40.320;9.148;303.81;67;0.2193;150;0.000314768;61;1.2408;3.46491;9.1910;39.62;9999.00;
15/06/2019 08:55:52.848;100;-12830.894;5125.913;43.878;9.057;289.54;63;0.1677;156;0.000333104;61;1.2408;3.46417;9.0960;45.39;9999.00;
15/06/2019 08:56:22.855;100;-12830.894;5125.913;50.930;8.894;284.72;62;0.1548;146;0.000302544;59;1.0340;3.44935;8.8818;50.44;9999.00;
15/06/2019 08:56:52.861;100;-12830.894;5125.913;54.467;8.549;270.68;59;0.1161;132;0.000259760;61;1.2408;3.43358;8.5687;56.17;9999.00;
15/06/2019 08:57:22.868;100;-12830.894;5125.913;61.667;8.457;269.94;56;0.0774;133;0.000262816;61;1.2408;3.42928;8.5052;61.26;9999.00;
15/06/2019 08:57:52.875;100;-12830.894;5125.913;65.182;8.306;258.39;56;0.0774;119;0.000220032;61;1.2408;3.42124;8.3126;66.96;9999.00;
15/06/2019 08:58:22.881;100;-12830.894;5125.913;71.852;8.241;253.81;56;0.0774;124;0.000235312;58;0.9306;3.42208;8.2439;71.67;9999.00;
15/06/2019 08:58:52.888;100;-12830.894;5125.913;75.262;8.153;246.72;53;0.0387;162;0.000351440;61;1.2408;3.42150;8.1652;77.17;9999.00;
15/06/2019 08:59:22.897;100;-12830.894;5125.913;82.037;8.049;239.60;55;0.0645;123;0.000232256;62;1.3442;3.41811;8.0907;82.01;9999.00;
15/06/2019 08:59:52.902;100;-12830.894;5125.913;85.489;7.964;229.61;55;0.0645;121;0.000226144;59;1.0340;3.41536;7.9688;87.50;9999.00;
15/06/2019 09:00:22.907;100;-12830.894;5125.913;92.116;7.940;224.67;55;0.0645;126;0.000241424;60;1.1374;3.41906;7.9524;92.21;9999.00;
15/06/2019 09:00:52.914;100;-12830.894;5125.913;95.377;7.894;219.49;53;0.0387;129;0.000250592;61;1.2408;3.41875;7.9077;97.55;9999.00;
15/06/2019 09:01:22.921;100;-12830.894;5125.913;101.792;7.875;208.63;54;0.0516;124;0.000235312;59;1.0340;3.42453;7.8819;102.69;9999.00;
15/06/2019 09:01:52.927;100;-12830.894;5125.913;104.905;7.783;189.94;55;0.0645;125;0.000238368;59;1.0340;3.42720;7.8062;107.03;9999.00;
15/06/2019 09:02:23.030;100;-12830.894;5125.913;110.494;7.710;171.32;52;0.0258;130;0.000253648;60;1.1374;3.43277;7.7253;111.08;9999.00;
15/06/2019 09:02:53.039;100;-12830.894;5125.913;113.310;7.650;161.27;53;0.0387;125;0.000238368;63;1.4476;3.43381;7.6615;115.52;9999.00;
15/06/2019 09:03:23.046;100;-12830.894;5125.913;118.475;7.479;144.22;54;0.0516;128;0.000247536;61;1.2408;3.43157;7.4772;119.66;9999.00;
15/06/2019 09:03:53.052;100;-12830.894;5125.913;121.079;7.341;134.50;54;0.0516;143;0.000293376;61;1.2408;3.42855;7.3476;123.30;9999.00;
15/06/2019 09:04:23.059;100;-12830.894;5125.913;126.160;7.285;130.16;51;0.0129;128;0.000247536;63;1.4476;3.42710;7.2867;127.45;9999.00;
15/06/2019 09:04:53.075;100;-12830.894;5125.913;128.616;7.074;114.20;54;0.0516;141;0.000287264;65;1.6544;3.42073;7.0694;130.91;9999.00;
15/06/2019 09:05:23.083;100;-12830.894;5125.913;132.977;6.944;107.20;55;0.0645;153;0.000323936;59;1.0340;3.41648;6.9437;134.41;9999.00;
15/06/2019 09:05:53.088;100;-12830.894;5125.913;135.094;6.725;94.95;51;0.0129;189;0.000433952;62;1.3442;3.40440;6.7595;137.33;9999.00;
15/06/2019 09:06:23.096;100;-12830.894;5125.913;139.222;6.489;86.74;53;0.0387;190;0.000437008;62;1.3442;3.38775;6.5012;140.75;9999.00;
15/06/2019 09:06:53.102;100;-12830.894;5125.913;141.360;6.433;86.81;54;0.0516;181;0.000409504;62;1.3442;3.38395;6.4337;143.71;9999.00;
15/06/2019 09:07:23.108;100;-12830.894;5125.913;145.446;6.346;84.87;53;0.0387;186;0.000424784;61;1.2408;3.37912;6.3632;146.99;9999.00;
15/06/2019 09:07:53.119;100;-12830.894;5125.913;147.520;6.182;80.17;54;0.0516;244;0.000602032;61;1.2408;3.36635;6.1841;149.91;9999.00;
15/06/2019 09:08:23.125;100;-12830.894;5125.913;151.711;6.155;78.26;55;0.0645;226;0.000547024;62;1.3442;3.36380;6.1538;153.32;9999.00;
15/06/2019 09:08:53.132;100;-12830.894;5125.913;153.722;6.124;75.82;56;0.0774;237;0.000580640;62;1.3442;3.36207;6.1316;156.34;9999.00;
15/06/2019 09:09:23.139;100;-12830.894;5125.913;157.977;6.088;75.41;56;0.0774;268;0.000675376;63;1.4476;3.35855;6.0878;159.73;9999.00;
15/06/2019 09:09:53.145;100;-12830.894;5125.913;160.009;6.074;76.08;54;0.0516;245;0.000605088;63;1.4476;3.35769;6.0776;162.59;9999.00;
15/06/2019 09:10:23.152;100;-12830.894;5125.913;163.904;6.058;76.68;54;0.0516;272;0.000687600;64;1.5510;3.35637;6.0605;165.83;9999.00;
15/06/2019 09:10:53.159;100;-12830.894;5125.913;165.999;6.040;77.12;53;0.0387;266;0.000669264;64;1.5510;3.35512;6.0439;168.71;9999.00;
15/06/2019 09:11:23.165;100;-12830.894;5125.913;170.063;6.023;77.45;55;0.0645;264;0.000663152;63;1.4476;3.35378;6.0262;171.99;9999.00;
15/06/2019 09:11:53.171;100;-12830.894;5125.913;171.947;6.014;77.56;55;0.0645;299;0.000770112;63;1.4476;3.35317;6.0185;174.70;9999.00;
15/06/2019 09:12:23.177;100;-12830.894;5125.913;175.757;6.012;77.57;55;0.0645;356;0.000944304;61;1.2408;3.35302;6.0158;177.80;9999.00;
15/06/2019 09:12:53.184;100;-12830.894;5125.913;177.556;6.012;77.51;55;0.0645;329;0.000861792;62;1.3442;3.35316;6.0164;180.42;9999.00;
15/06/2019 09:13:23.190;100;-12830.894;5125.913;181.408;6.012;77.56;55;0.0645;290;0.000742608;62;1.3442;3.35321;6.0160;183.61;9999.00;
15/06/2019 09:13:53.198;100;-12830.894;5125.913;183.334;6.012;77.53;53;0.0387;312;0.000809840;63;1.4476;3.35331;6.0158;186.34;9999.00;
15/06/2019 09:14:23.204;118;-12830.894;5125.913;185.937;6.011;77.54;55;0.0645;318;0.000828176;61;1.2408;3.35320;6.0146;186.94;9999.00;
15/06/2019 09:14:53.211;118;-12830.894;5125.913;182.212;6.011;77.53;56;0.0774;314;0.000815952;62;1.3442;3.35315;6.0170;183.27;9999.00;
15/06/2019 09:15:23.217;117;-12830.894;5125.913;176.180;6.012;77.56;52;0.0258;292;0.000748720;61;1.2408;3.35293;6.0178;176.66;9999.00;
15/06/2019 09:15:53.225;117;-12830.894;5125.913;171.460;6.020;77.52;57;0.0903;280;0.000712048;62;1.3442;3.35309;6.0235;170.53;9999.00;
15/06/2019 09:16:23.232;117;-12830.894;5125.913;162.591;6.059;76.72;54;0.0516;233;0.000568416;63;1.4476;3.35594;6.0648;163.33;9999.00;
15/06/2019 09:16:53.237;117;-12830.894;5125.913;158.167;6.153;76.66;56;0.0774;217;0.000519520;63;1.4476;3.36212;6.1473;156.94;9999.00;
15/06/2019 09:17:23.245;117;-12830.894;5125.913;149.213;6.411;80.87;53;0.0387;181;0.000409504;63;1.4476;3.38025;6.4154;149.69;9999.00;
15/06/2019 09:17:53.254;117;-12830.894;5125.913;144.959;6.580;86.32;55;0.0645;209;0.000495072;63;1.4476;3.38495;6.4880;143.77;9999.00;
15/06/2019 09:18:23.260;117;-12830.894;5125.913;136.661;6.956;106.39;53;0.0387;150;0.000314768;61;1.2408;3.41450;6.9590;137.00;9999.00;
15/06/2019 09:18:53.269;117;-12830.894;5125.913;132.278;7.134;117.82;53;0.0387;135;0.000268928;62;1.3442;3.41883;7.1292;130.91;9999.00;
15/06/2019 09:19:23.275;117;-12830.894;5125.913;124.763;7.308;129.78;50;0.0000;132;0.000259760;61;1.2408;3.42564;7.3081;124.96;9999.00;
15/06/2019 09:19:53.282;117;-12830.894;5125.913;121.312;7.475;141.85;52;0.0258;131;0.000256704;63;1.4476;3.42869;7.4538;119.98;9999.00;
15/06/2019 09:20:23.288;117;-12830.894;5125.913;113.945;7.727;161.87;55;0.0645;129;0.000250592;61;1.2408;3.43231;7.7011;113.99;9999.00;
15/06/2019 09:20:53.297;117;-12830.894;5125.913;110.367;7.783;185.88;53;0.0387;132;0.000259760;63;1.4476;3.42755;7.7814;109.08;9999.00;
15/06/2019 09:21:23.304;117;-12830.894;5125.913;104.079;7.859;202.63;55;0.0645;127;0.000244480;61;1.2408;3.42543;7.8601;104.00;9999.00;
15/06/2019 09:21:53.311;117;-12830.894;5125.913;100.903;7.913;216.06;52;0.0258;125;0.000238368;61;1.2408;3.42212;7.9150;99.55;9999.00;
15/06/2019 09:22:23.317;117;-12830.894;5125.913;95.080;7.990;224.91;54;0.0516;121;0.000226144;60;1.1374;3.42133;7.9872;94.85;9999.00;
15/06/2019 09:22:53.324;117;-12830.894;5125.913;92.116;8.043;232.24;54;0.0516;125;0.000238368;61;1.2408;3.41939;8.0386;90.77;9999.00;
15/06/2019 09:23:23.330;117;-12830.894;5125.913;86.548;8.076;237.11;54;0.0516;124;0.000235312;60;1.1374;3.41860;8.0780;86.27;9999.00;
15/06/2019 09:23:53.338;117;-12830.894;5125.913;83.753;8.155;243.39;55;0.0645;123;0.000232256;61;1.2408;3.42012;8.1533;82.10;9999.00;
15/06/2019 09:24:23.345;117;-12830.894;5125.913;77.675;8.157;244.66;55;0.0645;120;0.000223088;62;1.3442;3.42014;8.1625;77.30;9999.00;
15/06/2019 09:24:53.351;117;-12830.894;5125.913;74.923;8.210;248.26;53;0.0387;120;0.000223088;59;1.0340;3.41996;8.2090;73.24;9999.00;
15/06/2019 09:25:23.359;117;-12830.894;5125.913;69.205;8.286;254.10;54;0.0516;125;0.000238368;61;1.2408;3.41991;8.2949;68.56;9999.00;
15/06/2019 09:25:53.365;117;-12830.894;5125.913;66.198;8.330;258.09;55;0.0645;129;0.000250592;60;1.1374;3.42084;8.3319;64.33;9999.00;
15/06/2019 09:26:23.374;117;-12830.894;5125.913;60.333;8.419;263.57;56;0.0774;133;0.000262816;59;1.0340;3.42372;8.4204;59.61;9999.00;
15/06/2019 09:26:53.387;117;-12830.894;5125.913;57.516;8.519;260.40;59;0.1161;148;0.000308656;62;1.3442;3.42669;8.5043;55.65;9999.00;
15/06/2019 09:27:23.394;117;-12830.894;5125.913;52.243;8.654;265.65;58;0.1032;147;0.000305600;62;1.3442;3.43503;8.6647;51.44;9999.00;
15/06/2019 09:27:53.401;117;-12830.894;5125.913;49.977;8.968;278.73;64;0.1806;145;0.000299488;64;1.5510;3.45032;8.9326;48.19;9999.00;
15/06/2019 09:28:23.407;117;-12830.894;5125.913;45.382;9.083;282.67;63;0.1677;151;0.000317824;62;1.3442;3.46090;9.0873;44.50;9999.00;
15/06/2019 09:28:53.415;117;-12830.894;5125.913;43.073;9.188;287.04;68;0.2322;150;0.000314768;62;1.3442;3.46813;9.1935;41.22;9999.00;
15/06/2019 09:29:23.426;117;-12830.894;5125.913;38.605;9.229;289.88;67;0.2193;172;0.000382000;60;1.1374;3.47043;9.2391;37.61;9999.00;
15/06/2019 09:29:53.434;117;-12830.894;5125.913;36.550;9.335;296.16;72;0.2838;155;0.000330048;62;1.3442;3.47513;9.3471;34.61;9999.00;
15/06/2019 09:30:23.440;117;-12830.894;5125.913;32.632;9.723;307.79;77;0.3483;181;0.000409504;63;1.4476;3.50036;9.7436;31.53;9999.00;
15/06/2019 09:30:53.448;117;-12830.894;5125.913;30.811;10.016;313.39;89;0.5031;185;0.000421728;61;1.2408;3.51827;10.0009;29.01;9999.00;
15/06/2019 09:31:23.454;117;-12830.894;5125.913;27.422;10.473;319.28;96;0.5934;188;0.000430896;61;1.2408;3.55677;10.4879;26.26;9999.00;
15/06/2019 09:31:53.463;117;-12830.894;5125.913;25.834;11.087;322.30;105;0.7095;219;0.000525632;63;1.4476;3.59867;11.0370;23.92;9999.00;
15/06/2019 09:32:23.469;117;-12830.894;5125.913;22.720;11.506;326.81;133;1.0707;226;0.000547024;63;1.4476;3.63869;11.5275;21.50;9999.00;
15/06/2019 09:32:53.621;117;-12830.894;5125.913;21.153;11.791;329.60;177;1.6383;261;0.000653984;63;1.4476;3.65809;11.7563;19.28;9999.00;
15/06/2019 09:33:23.628;117;-12830.894;5125.913;18.124;12.069;338.56;190;1.8060;326;0.000852624;61;1.2408;3.68653;12.0711;16.89;9999.00;
15/06/2019 09:33:53.645;117;-12830.894;5125.913;16.832;12.369;341.22;178;1.6512;509;0.001411872;62;1.3442;3.71269;12.3850;14.84;9999.00;
15/06/2019 09:34:23.654;117;-12830.894;5125.913;13.930;12.579;344.79;185;1.7415;382;0.001023760;63;1.4476;3.73034;12.5997;12.55;9999.00;
15/06/2019 09:34:53.658;117;-12830.894;5125.913;12.448;12.681;346.16;179;1.6641;396;0.001066544;61;1.2408;3.73475;12.6761;10.54;9999.00;
15/06/2019 09:35:23.665;117;-12830.894;5125.913;9.779;13.038;340.49;147;1.2513;360;0.000956528;62;1.3442;3.75518;13.0646;8.28;9999.00;
