PLD_REALTIMECLOCK;NAV_RESOURCE;NAV_LONGITUDE;NAV_LATITUDE;NAV_DEPTH;AROD_FT_TEMP;AROD_FT_DO;FLBBCD_CHL_COUNT;FLBBCD_CHL_SCALED;FLBBCD_BB_700_COUNT;FLBBCD_BB_700_SCALED;FLBBCD_CDOM_COUNT;FLBBCD_CDOM_SCALED;GPCTD_CONDUCTIVITY;GPCTD_TEMPERATURE;GPCTD_PRESSURE;GPCTD_DOF;
15/06/2019 13:20:27.118;117;-12834.295;5124.418;8.826;12.796;337.61;118;0.8772;316;0.000822064;62;1.3442;3.75164;12.8212;6.98;9999.00;
15/06/2019 13:20:57.127;115;-12834.295;5124.418;7.661;12.475;337.35;117;0.8643;295;0.000757888;60;1.1374;3.74962;12.7976;6.99;9999.00;
15/06/2019 13:21:27.133;115;-12834.295;5124.418;1.349;12.908;335.82;116;0.8514;274;0.000693712;63;1.4476;3.75297;12.9685;2.10;9999.00;
15/06/2019 13:21:57.141;116;-12834.295;5124.418;1.476;12.993;338.28;118;0.8772;279;0.000708992;64;1.5510;3.73783;13.0154;0.96;9999.00;
15/06/2019 13:22:27.147;116;-12834.295;5124.418;1.327;12.999;338.14;123;0.9417;272;0.000687600;62;1.3442;3.73633;13.0087;0.62;9999.00;
15/06/2019 13:22:57.038;116;-12835.954;5123.912;1.349;12.999;338.54;118;0.8772;285;0.000727328;64;1.5510;3.73717;13.0117;0.74;9999.00;
15/06/2019 13:23:27.046;116;-12835.954;5123.912;1.349;13.009;338.41;119;0.8901;275;0.000696768;62;1.3442;3.73793;13.0154;0.81;9999.00;
15/06/2019 13:23:57.052;116;-12835.952;5123.913;1.327;13.001;338.48;112;0.7998;262;0.000657040;64;1.5510;3.73649;13.0092;0.72;9999.00;
15/06/2019 13:24:27.059;116;-12835.952;5123.913;1.412;13.003;338.37;128;1.0062;306;0.000791504;62;1.3442;3.73693;13.0100;0.69;9999.00;
15/06/2019 13:24:57.065;116;-12835.971;5123.908;1.412;13.001;338.53;114;0.8256;285;0.000727328;62;1.3442;3.73596;13.0025;0.77;9999.00;
15/06/2019 13:25:27.072;116;-12835.977;5123.908;1.349;13.007;338.68;112;0.7998;286;0.000730384;61;1.2408;3.73731;13.0114;0.67;9999.00;
15/06/2019 13:25:57.079;116;-12836.036;5123.910;1.412;13.011;338.08;119;0.8901;259;0.000647872;62;1.3442;3.73757;13.0108;0.74;9999.00;
15/06/2019 13:26:27.086;116;-12836.036;5123.910;1.412;13.013;338.36;116;0.8514;271;0.000684544;63;1.4476;3.73889;13.0143;0.86;9999.00;
15/06/2019 13:26:57.092;116;-12835.986;5123.909;1.349;13.002;338.44;119;0.8901;279;0.000708992;60;1.1374;3.73690;13.0073;0.66;9999.00;
15/06/2019 13:27:27.099;116;-12835.987;5123.909;1.370;13.006;338.75;113;0.8127;275;0.000696768;62;1.3442;3.73685;13.0080;0.72;9999.00;
15/06/2019 13:27:57.108;116;-12835.987;5123.909;1.370;13.010;338.62;119;0.8901;279;0.000708992;62;1.3442;3.73836;13.0138;0.75;9999.00;
15/06/2019 13:28:27.114;116;-12835.987;5123.909;1.327;13.005;338.46;117;0.8643;258;0.000644816;61;1.2408;3.73770;13.0111;0.66;9999.00;
15/06/2019 13:28:57.120;116;-12835.986;5123.909;1.327;12.999;338.67;115;0.8385;268;0.000675376;63;1.4476;3.73610;13.0015;0.71;9999.00;
15/06/2019 13:29:27.128;110;-12835.989;5123.906;1.603;13.014;338.09;127;0.9933;300;0.000773168;60;1.1374;3.74345;13.0148;1.60;9999.00;
15/06/2019 13:29:57.134;110;-12835.989;5123.906;4.272;12.904;336.53;122;0.9288;295;0.000757888;60;1.1374;3.76075;12.9347;4.78;9999.00;
15/06/2019 13:30:27.140;110;-12835.989;5123.906;9.567;12.319;338.82;133;1.0707;248;0.000614256;63;1.4476;3.71230;12.3314;12.93;9999.00;
15/06/2019 13:30:57.148;100;-12835.989;5123.906;19.480;11.307;330.33;112;0.7998;185;0.000421728;61;1.2408;3.63009;11.3544;19.18;9999.00;
15/06/2019 13:31:27.154;100;-12835.989;5123.906;23.758;11.151;327.66;123;0.9417;208;0.000492016;61;1.2408;3.61383;11.1531;26.24;9999.00;
15/06/2019 13:31:57.157;100;-12835.989;5123.906;32.611;9.953;306.83;87;0.4773;163;0.000354496;62;1.3442;3.52876;9.9767;32.56;9999.00;
15/06/2019 13:32:27.168;100;-12835.989;5123.906;36.550;9.747;299.57;77;0.3483;163;0.000354496;62;1.3442;3.51044;9.7521;38.88;9999.00;
15/06/2019 13:32:57.175;100;-12835.989;5123.906;44.323;9.380;290.59;69;0.2451;150;0.000314768;68;1.9646;3.48306;9.3901;44.37;9999.00;
15/06/2019 13:33:27.184;100;-12835.989;5123.906;48.092;9.268;288.81;71;0.2709;159;0.000342272;60;1.1374;3.47527;9.2715;50.65;9999.00;
15/06/2019 13:33:57.190;100;-12835.989;5123.906;55.928;8.991;283.69;62;0.1548;147;0.000305600;61;1.2408;3.45734;9.0298;56.12;9999.00;
15/06/2019 13:34:27.196;100;-12835.989;5123.906;59.613;8.927;279.43;62;0.1548;138;0.000278096;63;1.4476;3.45219;8.9383;62.09;9999.00;
15/06/2019 13:34:57.205;100;-12835.989;5123.906;66.940;8.803;275.65;59;0.1161;141;0.000287264;62;1.3442;3.44670;8.8459;67.24;9999.00;
15/06/2019 13:35:27.210;100;-12835.989;5123.906;70.582;8.654;271.20;56;0.0774;144;0.000296432;60;1.1374;3.43328;8.6603;73.29;9999.00;
15/06/2019 13:35:57.217;100;-12835.989;5123.906;77.866;8.514;266.06;57;0.0903;128;0.000247536;62;1.3442;3.42506;8.5161;78.45;9999.00;
15/06/2019 13:36:27.225;100;-12835.989;5123.906;81.445;8.306;254.47;57;0.0903;126;0.000241424;61;1.2408;3.41849;8.3069;84.17;9999.00;
15/06/2019 13:36:57.230;100;-12835.989;5123.906;88.009;8.184;244.48;57;0.0903;113;0.000201696;58;0.9306;3.41744;8.1937;88.70;9999.00;
15/06/2019 13:37:27.240;100;-12835.989;5123.906;91.269;8.147;239.05;55;0.0645;118;0.000216976;59;1.0340;3.41867;8.1568;94.09;9999.00;
15/06/2019 13:37:57.247;100;-12835.989;5123.906;98.172;8.080;227.30;52;0.0258;135;0.000268928;63;1.4476;3.42136;8.0990;99.01;9999.00;
15/06/2019 13:38:27.254;100;-12835.989;5123.906;101.623;7.907;196.79;53;0.0387;127;0.000244480;61;1.2408;3.43028;7.9318;104.66;9999.00;
15/06/2019 13:38:57.262;100;-12835.989;5123.906;108.377;7.761;185.27;55;0.0645;122;0.000229200;60;1.1374;3.43149;7.8102;109.36;9999.00;
15/06/2019 13:39:27.268;100;-12835.989;5123.906;111.341;7.672;164.48;53;0.0387;129;0.000250592;61;1.2408;3.43294;7.6786;114.14;9999.00;
15/06/2019 13:39:57.275;100;-12835.989;5123.906;117.099;7.496;151.24;56;0.0774;149;0.000311712;59;1.0340;3.43304;7.5337;118.30;9999.00;
15/06/2019 13:40:27.282;100;-12835.989;5123.906;119.894;7.119;117.41;56;0.0774;146;0.000302544;60;1.1374;3.42573;7.1332;122.76;9999.00;
15/06/2019 13:40:57.289;100;-12835.989;5123.906;124.933;6.951;112.38;54;0.0516;152;0.000320880;61;1.2408;3.41662;6.9604;126.11;9999.00;
15/06/2019 13:41:27.296;100;-12835.989;5123.906;127.092;6.887;109.76;54;0.0516;147;0.000305600;58;0.9306;3.41324;6.8824;129.60;9999.00;
15/06/2019 13:41:57.302;100;-12835.989;5123.906;131.135;6.816;106.82;55;0.0645;138;0.000278096;63;1.4476;3.41079;6.8245;132.49;9999.00;
15/06/2019 13:42:27.309;100;-12835.989;5123.906;133.316;6.756;104.38;53;0.0387;139;0.000281152;63;1.4476;3.40828;6.7632;136.00;9999.00;
15/06/2019 13:42:57.318;100;-12835.989;5123.906;137.592;6.652;99.48;52;0.0258;153;0.000323936;60;1.1374;3.39982;6.6535;139.06;9999.00;
15/06/2019 13:43:27.324;100;-12835.989;5123.906;139.730;6.613;97.86;55;0.0645;162;0.000351440;59;1.0340;3.39708;6.6147;142.61;9999.00;
15/06/2019 13:43:57.330;100;-12835.989;5123.906;144.302;6.563;95.13;53;0.0387;152;0.000320880;62;1.3442;3.39382;6.5641;145.77;9999.00;
15/06/2019 13:44:27.338;100;-12835.989;5123.906;146.419;6.425;91.09;54;0.0516;161;0.000348384;63;1.4476;3.38482;6.4283;149.39;9999.00;
15/06/2019 13:44:57.343;100;-12835.989;5123.906;150.928;6.328;88.07;52;0.0258;156;0.000333104;60;1.1374;3.37767;6.3358;152.59;9999.00;
15/06/2019 13:45:27.349;100;-12835.989;5123.906;153.278;6.108;84.81;53;0.0387;186;0.000424784;63;1.4476;3.36173;6.1216;156.29;9999.00;
15/06/2019 13:45:57.355;100;-12835.989;5123.906;157.786;6.045;82.03;54;0.0516;223;0.000537856;63;1.4476;3.35562;6.0490;159.48;9999.00;
15/06/2019 13:46:27.361;100;-12835.989;5123.906;160.009;6.038;81.92;55;0.0645;212;0.000504240;62;1.3442;3.35459;6.0378;163.12;9999.00;
15/06/2019 13:46:57.369;100;-12835.989;5123.906;164.285;6.033;81.93;54;0.0516;227;0.000550080;63;1.4476;3.35433;6.0348;166.14;9999.00;
15/06/2019 13:47:27.375;100;-12835.989;5123.906;166.422;6.029;81.90;55;0.0645;236;0.000577584;60;1.1374;3.35412;6.0319;169.40;9999.00;
15/06/2019 13:47:57.382;100;-12835.989;5123.906;170.063;6.029;81.92;54;0.0516;218;0.000522576;64;1.5510;3.35417;6.0328;172.00;9999.00;
15/06/2019 13:48:27.388;100;-12835.989;5123.906;171.947;6.029;81.87;53;0.0387;239;0.000586752;63;1.4476;3.35422;6.0329;175.07;9999.00;
15/06/2019 13:48:57.395;100;-12835.989;5123.906;175.883;6.030;81.86;55;0.0645;238;0.000583696;63;1.4476;3.35435;6.0334;177.93;9999.00;
15/06/2019 13:49:27.402;100;-12835.989;5123.906;178.148;6.030;81.79;54;0.0516;222;0.000534800;62;1.3442;3.35451;6.0341;181.57;9999.00;
15/06/2019 13:49:57.411;100;-12835.989;5123.906;182.551;6.030;81.82;53;0.0387;235;0.000574528;63;1.4476;3.35462;6.0339;184.63;9999.00;
15/06/2019 13:50:27.417;100;-12835.989;5123.906;184.540;6.030;81.77;51;0.0129;229;0.000556192;60;1.1374;3.35482;6.0349;188.03;9999.00;
15/06/2019 13:50:57.424;100;-12835.989;5123.906;188.667;6.031;81.92;54;0.0516;241;0.000592864;62;1.3442;3.35487;6.0339;190.94;9999.00;
15/06/2019 13:51:27.431;118;-12835.989;5123.906;191.630;6.031;81.95;56;0.0774;242;0.000595920;60;1.1374;3.35506;6.0353;193.21;9999.00;
15/06/2019 13:51:57.437;118;-12835.989;5123.906;189.154;6.032;81.91;52;0.0258;219;0.000525632;61;1.2408;3.35490;6.0356;190.05;9999.00;
15/06/2019 13:52:27.445;118;-12835.989;5123.906;185.683;6.031;81.92;51;0.0129;254;0.000632592;64;1.5510;3.35463;6.0356;183.92;9999.00;
15/06/2019 13:52:57.451;117;-12835.989;5123.906;176.963;6.032;81.89;52;0.0258;211;0.000501184;63;1.4476;3.35439;6.0364;177.91;9999.00;
15/06/2019 13:53:27.459;117;-12835.989;5123.906;172.772;6.030;82.02;54;0.0516;232;0.000565360;63;1.4476;3.35395;6.0346;170.94;9999.00;
15/06/2019 13:53:57.466;117;-12835.989;5123.906;163.628;6.033;81.88;56;0.0774;217;0.000519520;63;1.4476;3.35385;6.0378;164.31;9999.00;
15/06/2019 13:54:27.471;117;-12835.989;5123.906;159.099;6.209;83.95;52;0.0258;168;0.000369776;64;1.5510;3.36423;6.1842;157.14;9999.00;
15/06/2019 13:54:57.480;117;-12835.989;5123.906;150.293;6.434;88.69;54;0.0516;163;0.000354496;61;1.2408;3.37970;6.3902;150.83;9999.00;
15/06/2019 13:55:27.484;117;-12835.989;5123.906;145.954;6.586;94.69;56;0.0774;159;0.000342272;63;1.4476;3.39266;6.5885;143.70;9999.00;
15/06/2019 13:55:57.493;117;-12835.989;5123.906;136.978;6.797;104.52;54;0.0516;152;0.000320880;62;1.3442;3.40248;6.7537;137.32;9999.00;
15/06/2019 13:56:27.500;117;-12835.989;5123.906;132.638;6.909;109.63;53;0.0387;143;0.000293376;63;1.4476;3.41102;6.9099;130.39;9999.00;
15/06/2019 13:56:57.507;117;-12835.989;5123.906;124.128;7.113;116.22;52;0.0258;139;0.000281152;59;1.0340;3.42031;7.1001;124.28;9999.00;
15/06/2019 13:57:27.515;117;-12835.989;5123.906;119.852;7.525;143.53;55;0.0645;155;0.000330048;61;1.2408;3.42975;7.5394;117.70;9999.00;
15/06/2019 13:57:57.521;117;-12835.989;5123.906;112.759;7.660;161.67;55;0.0645;129;0.000250592;60;1.1374;3.43082;7.6666;112.80;9999.00;
15/06/2019 13:58:27.527;117;-12835.989;5123.906;109.393;7.795;181.99;54;0.0516;123;0.000232256;60;1.1374;3.42965;7.7799;107.37;9999.00;
15/06/2019 13:58:57.534;117;-12835.989;5123.906;102.999;7.899;193.90;54;0.0516;122;0.000229200;62;1.3442;3.42796;7.9011;102.86;9999.00;
15/06/2019 13:59:27.541;117;-12835.989;5123.906;99.781;8.041;217.69;54;0.0516;118;0.000216976;61;1.2408;3.42167;8.0421;97.72;9999.00;
15/06/2019 13:59:57.548;117;-12835.989;5123.906;93.852;8.096;228.16;52;0.0258;114;0.000204752;60;1.1374;3.41943;8.1041;93.67;9999.00;
15/06/2019 14:00:27.552;117;-12835.989;5123.906;91.121;8.157;237.77;53;0.0387;265;0.000666208;58;0.9306;3.41674;8.1632;89.26;9999.00;
15/06/2019 14:00:57.569;117;-12835.989;5123.906;85.701;8.195;241.52;54;0.0516;114;0.000204752;61;1.2408;3.41590;8.1762;85.40;9999.00;
15/06/2019 14:01:27.575;117;-12835.989;5123.906;82.906;8.330;253.46;56;0.0774;123;0.000232256;62;1.3442;3.41671;8.3285;80.69;9999.00;
15/06/2019 14:01:57.582;117;-12835.989;5123.906;76.956;8.573;263.84;57;0.0903;142;0.000290320;62;1.3442;3.42953;8.5789;76.51;9999.00;
15/06/2019 14:02:27.588;117;-12835.989;5123.906;74.203;8.571;265.77;59;0.1161;137;0.000275040;63;1.4476;3.42837;8.5776;72.13;9999.00;
15/06/2019 14:02:57.594;117;-12835.989;5123.906;69.163;8.647;267.97;56;0.0774;130;0.000253648;61;1.2408;3.43140;8.6452;68.54;9999.00;
15/06/2019 14:03:27.610;117;-12835.989;5123.906;66.728;8.696;270.62;58;0.1032;135;0.000268928;64;1.5510;3.43475;8.7036;64.57;9999.00;
15/06/2019 14:03:57.617;117;-12835.989;5123.906;61.921;8.858;273.72;62;0.1548;153;0.000323936;61;1.2408;3.44555;8.8598;61.19;9999.00;
15/06/2019 14:04:27.623;117;-12835.989;5123.906;59.613;8.941;276.96;64;0.1806;146;0.000302544;62;1.3442;3.45085;8.9482;57.46;9999.00;
15/06/2019 14:04:57.628;117;-12835.989;5123.906;55.039;9.000;278.99;64;0.1806;143;0.000293376;62;1.3442;3.45342;8.9867;54.22;9999.00;
15/06/2019 14:05:27.639;117;-12835.989;5123.906;52.730;9.101;282.89;67;0.2193;145;0.000299488;62;1.3442;3.45965;9.1062;50.51;9999.00;
15/06/2019 14:05:57.646;117;-12835.989;5123.906;48.262;9.248;286.14;71;0.2709;160;0.000345328;62;1.3442;3.46830;9.2231;47.36;9999.00;
15/06/2019 14:06:27.653;117;-12835.989;5123.906;46.186;9.305;289.47;71;0.2709;157;0.000336160;60;1.1374;3.47496;9.3104;43.93;9999.00;
15/06/2019 14:06:57.660;117;-12835.989;5123.906;41.930;9.365;289.00;71;0.2709;150;0.000314768;62;1.3442;3.47800;9.3664;40.92;9999.00;
15/06/2019 14:07:27.667;117;-12835.989;5123.906;39.791;9.393;289.89;72;0.2838;153;0.000323936;63;1.4476;3.47987;9.3992;37.44;9999.00;
15/06/2019 14:07:57.674;117;-12835.989;5123.906;35.703;9.621;291.53;72;0.2838;215;0.000513408;62;1.3442;3.49639;9.6277;34.55;9999.00;
15/06/2019 14:08:27.690;117;-12835.989;5123.906;33.670;9.858;299.65;82;0.4128;161;0.000348384;61;1.2408;3.51411;9.8651;31.28;9999.00;
15/06/2019 14:08:57.697;117;-12835.989;5123.906;29.540;10.006;302.73;94;0.5676;181;0.000409504;63;1.4476;3.52334;9.9922;28.32;9999.00;
15/06/2019 14:09:27.706;117;-12835.989;5123.906;27.465;10.723;320.21;117;0.8643;191;0.000440064;61;1.2408;3.57604;10.7327;25.12;9999.00;
15/06/2019 14:09:57.712;117;-12835.989;5123.906;23.991;11.268;327.19;116;0.8514;187;0.000427840;59;1.0340;3.62328;11.3533;22.75;9999.00;
15/06/2019 14:10:27.719;117;-12835.989;5123.906;22.487;11.357;328.42;123;0.9417;183;0.000415616;63;1.4476;3.62681;11.3762;20.31;9999.00;
15/06/2019 14:10:57.726;117;-12835.989;5123.906;19.501;11.376;328.72;121;0.9159;180;0.000406448;61;1.2408;3.62852;11.3911;18.13;9999.00;
15/06/2019 14:11:27.732;117;-12835.989;5123.906;17.997;11.544;328.23;103;0.6837;175;0.000391168;63;1.4476;3.63482;11.4740;15.68;9999.00;
15/06/2019 14:11:57.740;117;-12835.989;5123.906;14.884;11.911;330.02;147;1.2513;229;0.000556192;62;1.3442;3.66833;11.8788;13.45;9999.00;
15/06/2019 14:12:27.747;117;-12835.989;5123.906;13.168;12.310;335.29;121;0.9159;263;0.000660096;60;1.1374;3.70890;12.3396;10.75;9999.00;
15/06/2019 14:12:57.755;117;-12835.989;5123.906;10.075;12.435;335.96;112;0.7998;262;0.000657040;61;1.2408;3.71860;12.4370;8.61;9999.00;
