PLD_REALTIMECLOCK;NAV_RESOURCE;NAV_LONGITUDE;NAV_LATITUDE;NAV_DEPTH;AROD_FT_TEMP;AROD_FT_DO;FLBBCD_CHL_COUNT;FLBBCD_CHL_SCALED;FLBBCD_BB_700_COUNT;FLBBCD_BB_700_SCALED;FLBBCD_CDOM_COUNT;FLBBCD_CDOM_SCALED;GPCTD_CONDUCTIVITY;GPCTD_TEMPERATURE;GPCTD_PRESSURE;GPCTD_DOF;
14/06/2019 15:47:37.384;110;-12823.783;5133.760;9.080;12.096;376.96;308;3.3282;373;0.000996256;64;1.5510;3.61067;12.1045;8.12;9999.00;
14/06/2019 15:48:07.394;100;-12823.783;5133.760;15.434;11.994;354.25;265;2.7735;410;0.001109328;64;1.5510;3.67667;11.9928;14.49;9999.00;
14/06/2019 15:48:37.394;100;-12823.783;5133.760;19.861;11.713;344.42;355;3.9345;387;0.001039040;63;1.4476;3.65598;11.7405;20.30;9999.00;
14/06/2019 15:49:07.405;100;-12823.783;5133.760;23.970;10.278;313.16;99;0.6321;177;0.000397280;66;1.7578;3.51566;9.9954;26.87;9999.00;
14/06/2019 15:49:37.421;100;-12823.783;5133.760;31.679;9.369;295.65;80;0.3870;139;0.000281152;62;1.3442;3.46778;9.3647;32.20;9999.00;
14/06/2019 15:50:07.429;100;-12823.783;5133.760;35.428;9.124;282.04;67;0.2193;131;0.000256704;64;1.5510;3.45016;9.1195;38.20;9999.00;
14/06/2019 15:50:37.435;100;-12823.783;5133.760;42.883;8.731;267.79;61;0.1419;130;0.000253648;64;1.5510;3.42501;8.7429;43.56;9999.00;
14/06/2019 15:51:07.442;100;-12823.783;5133.760;46.652;8.535;265.70;58;0.1032;119;0.000220032;60;1.1374;3.40807;8.4983;49.53;9999.00;
14/06/2019 15:51:37.447;100;-12823.783;5133.760;53.980;8.307;253.97;56;0.0774;122;0.000229200;61;1.2408;3.40471;8.3746;54.79;9999.00;
14/06/2019 15:52:07.455;100;-12823.783;5133.760;57.728;8.138;242.32;56;0.0774;118;0.000216976;64;1.5510;3.39975;8.1386;60.89;9999.00;
14/06/2019 15:52:37.462;100;-12823.783;5133.760;64.928;8.216;223.71;57;0.0903;318;0.000828176;61;1.2408;3.41501;8.1909;65.83;9999.00;
14/06/2019 15:53:07.469;100;-12823.783;5133.760;68.231;8.059;200.56;56;0.0774;119;0.000220032;60;1.1374;3.41690;8.0589;71.30;9999.00;
14/06/2019 15:53:37.476;100;-12823.783;5133.760;74.775;7.927;185.42;56;0.0774;129;0.000250592;60;1.1374;3.42094;7.9271;75.83;9999.00;
14/06/2019 15:54:07.489;100;-12823.783;5133.760;77.908;7.800;179.31;55;0.0645;130;0.000253648;60;1.1374;3.42221;7.7989;80.76;9999.00;
14/06/2019 15:54:37.496;100;-12823.783;5133.760;83.795;7.751;178.05;53;0.0387;128;0.000247536;62;1.3442;3.42439;7.7555;84.98;9999.00;
14/06/2019 15:55:07.503;100;-12823.783;5133.760;86.759;7.724;184.02;52;0.0258;117;0.000213920;63;1.4476;3.42771;7.7269;89.72;9999.00;
14/06/2019 15:55:37.509;100;-12823.783;5133.760;92.413;7.613;174.80;54;0.0516;149;0.000311712;61;1.2408;3.42838;7.6286;93.72;9999.00;
14/06/2019 15:56:07.516;100;-12823.783;5133.760;95.271;7.523;155.74;50;0.0000;161;0.000348384;61;1.2408;3.43040;7.5210;98.17;9999.00;
14/06/2019 15:56:37.523;100;-12823.783;5133.760;100.670;7.444;148.24;53;0.0387;145;0.000299488;61;1.2408;3.42811;7.4444;101.99;9999.00;
14/06/2019 15:57:07.529;100;-12823.783;5133.760;103.380;7.422;146.76;52;0.0258;152;0.000320880;60;1.1374;3.42798;7.4225;106.36;9999.00;
14/06/2019 15:57:37.544;100;-12823.783;5133.760;108.800;7.408;142.98;57;0.0903;141;0.000287264;61;1.2408;3.43008;7.4057;110.29;9999.00;
14/06/2019 15:58:07.552;100;-12823.783;5133.760;111.595;7.307;132.63;54;0.0516;164;0.000357552;59;1.0340;3.42545;7.3005;114.65;9999.00;
14/06/2019 15:58:37.558;100;-12823.783;5133.760;116.697;7.215;127.97;56;0.0774;182;0.000412560;61;1.2408;3.42272;7.2097;118.23;9999.00;
14/06/2019 15:59:07.563;100;-12823.783;5133.760;119.174;7.185;120.77;54;0.0516;172;0.000382000;60;1.1374;3.42228;7.1868;122.39;9999.00;
14/06/2019 15:59:37.570;100;-12823.783;5133.760;124.319;7.148;113.57;54;0.0516;314;0.000815952;62;1.3442;3.42145;7.1470;126.03;9999.00;
14/06/2019 16:00:07.575;100;-12823.783;5133.760;126.880;7.093;103.39;52;0.0258;185;0.000421728;61;1.2408;3.42032;7.0975;130.15;9999.00;
14/06/2019 16:00:37.582;100;-12823.783;5133.760;131.876;6.984;97.02;53;0.0387;214;0.000510352;62;1.3442;3.41388;6.9609;133.66;9999.00;
14/06/2019 16:01:07.588;100;-12823.783;5133.760;134.311;6.755;91.61;53;0.0387;250;0.000620368;62;1.3442;3.40149;6.7463;137.59;9999.00;
14/06/2019 16:01:37.595;100;-12823.783;5133.760;138.989;6.532;79.46;53;0.0387;281;0.000715104;62;1.3442;3.39036;6.5244;140.86;9999.00;
14/06/2019 16:02:07.604;100;-12823.783;5133.760;141.212;6.511;78.10;55;0.0645;267;0.000672320;63;1.4476;3.38940;6.5104;144.46;9999.00;
14/06/2019 16:02:37.610;100;-12823.783;5133.760;145.721;6.488;76.13;53;0.0387;265;0.000666208;63;1.4476;3.38818;6.4881;147.53;9999.00;
14/06/2019 16:03:07.616;100;-12823.783;5133.760;147.732;6.461;75.20;54;0.0516;302;0.000779280;62;1.3442;3.38652;6.4608;150.92;9999.00;
14/06/2019 16:03:37.622;100;-12823.783;5133.760;151.775;6.406;75.25;51;0.0129;323;0.000843456;60;1.1374;3.38282;6.4071;153.82;9999.00;
14/06/2019 16:04:07.628;100;-12823.783;5133.760;153.828;6.347;76.55;54;0.0516;319;0.000831232;62;1.3442;3.37825;6.3451;157.20;9999.00;
14/06/2019 16:04:37.634;100;-12823.783;5133.760;158.189;6.292;76.18;56;0.0774;416;0.001127664;63;1.4476;3.37456;6.2934;160.34;9999.00;
14/06/2019 16:05:07.641;118;-12823.783;5133.760;157.045;6.305;75.97;53;0.0387;343;0.000904576;61;1.2408;3.37528;6.3109;158.20;9999.00;
14/06/2019 16:05:37.649;118;-12823.783;5133.760;153.955;6.372;76.45;55;0.0645;320;0.000834288;63;1.4476;3.37995;6.3793;153.85;9999.00;
14/06/2019 16:06:07.655;117;-12823.783;5133.760;150.441;6.471;75.16;54;0.0516;281;0.000715104;64;1.5510;3.38670;6.4788;147.85;9999.00;
14/06/2019 16:06:37.661;117;-12823.783;5133.760;142.334;6.519;76.89;56;0.0774;277;0.000702880;61;1.2408;3.38910;6.5285;142.27;9999.00;
14/06/2019 16:07:07.668;117;-12823.783;5133.760;138.608;6.773;90.34;55;0.0645;239;0.000586752;62;1.3442;3.40112;6.7833;136.11;9999.00;
14/06/2019 16:07:37.672;117;-12823.783;5133.760;130.945;7.041;96.61;51;0.0129;177;0.000397280;61;1.2408;3.41677;7.0520;130.86;9999.00;
14/06/2019 16:08:07.680;117;-12823.783;5133.760;127.388;7.163;115.46;54;0.0516;170;0.000375888;59;1.0340;3.42051;7.1700;124.96;9999.00;
14/06/2019 16:08:37.687;117;-12823.783;5133.760;120.106;7.204;123.04;54;0.0516;164;0.000357552;61;1.2408;3.42166;7.2119;119.89;9999.00;
14/06/2019 16:09:07.694;117;-12823.783;5133.760;116.824;7.309;130.67;55;0.0645;166;0.000363664;59;1.0340;3.42429;7.3140;114.46;9999.00;
14/06/2019 16:09:37.700;117;-12823.783;5133.760;109.986;7.405;142.67;53;0.0387;156;0.000333104;61;1.2408;3.42702;7.4125;109.55;9999.00;
14/06/2019 16:10:07.707;117;-12823.783;5133.760;106.662;7.443;147.75;52;0.0258;145;0.000299488;63;1.4476;3.42749;7.4530;104.20;9999.00;
14/06/2019 16:10:37.712;117;-12823.783;5133.760;100.141;7.450;148.76;56;0.0774;136;0.000271984;64;1.5510;3.42728;7.4575;99.59;9999.00;
14/06/2019 16:11:07.721;117;-12823.783;5133.760;97.134;7.533;155.61;53;0.0387;123;0.000232256;61;1.2408;3.42634;7.5531;94.67;9999.00;
14/06/2019 16:11:37.726;117;-12823.783;5133.760;90.973;7.725;187.35;55;0.0645;125;0.000238368;61;1.2408;3.42748;7.7329;90.37;9999.00;
14/06/2019 16:12:07.733;117;-12823.783;5133.760;87.903;7.757;180.30;51;0.0129;121;0.000226144;63;1.4476;3.42313;7.7650;85.38;9999.00;
14/06/2019 16:12:37.740;117;-12823.783;5133.760;81.995;7.793;178.62;53;0.0387;132;0.000259760;61;1.2408;3.42054;7.7999;81.30;9999.00;
14/06/2019 16:13:07.746;117;-12823.783;5133.760;79.137;7.872;183.91;54;0.0516;131;0.000256704;62;1.3442;3.41835;7.9255;76.71;9999.00;
14/06/2019 16:13:37.754;117;-12823.783;5133.760;73.779;8.050;190.19;57;0.0903;124;0.000235312;61;1.2408;3.41638;8.0608;73.04;9999.00;
14/06/2019 16:14:07.758;117;-12823.783;5133.760;71.408;8.072;201.91;56;0.0774;119;0.000220032;63;1.4476;3.41447;8.0873;69.19;9999.00;
14/06/2019 16:14:37.766;117;-12823.783;5133.760;66.897;8.177;214.82;56;0.0774;120;0.000223088;63;1.4476;3.41450;8.1847;66.06;9999.00;
14/06/2019 16:15:07.775;117;-12823.783;5133.760;64.631;8.134;227.81;55;0.0645;114;0.000204752;62;1.3442;3.39819;8.1126;62.37;9999.00;
14/06/2019 16:15:37.781;117;-12823.783;5133.760;60.079;8.132;242.12;54;0.0516;111;0.000195584;62;1.3442;3.39520;8.1376;59.15;9999.00;
14/06/2019 16:16:07.788;117;-12823.783;5133.760;57.919;8.163;244.91;53;0.0387;117;0.000213920;59;1.0340;3.39311;8.1723;55.69;9999.00;
14/06/2019 16:16:37.793;117;-12823.783;5133.760;53.747;8.347;253.54;56;0.0774;113;0.000201696;63;1.4476;3.40013;8.3616;52.77;9999.00;
14/06/2019 16:17:07.802;117;-12823.783;5133.760;51.777;8.428;255.80;58;0.1032;119;0.000220032;63;1.4476;3.40299;8.4415;49.64;9999.00;
14/06/2019 16:17:37.810;117;-12823.783;5133.760;48.050;8.522;258.40;60;0.1290;118;0.000216976;61;1.2408;3.40761;8.5316;46.98;9999.00;
14/06/2019 16:18:07.815;117;-12823.783;5133.760;46.186;8.663;262.21;61;0.1419;124;0.000235312;61;1.2408;3.41773;8.6850;43.92;9999.00;
14/06/2019 16:18:37.822;117;-12823.783;5133.760;42.374;8.790;268.83;61;0.1419;129;0.000250592;62;1.3442;3.42335;8.7901;41.23;9999.00;
14/06/2019 16:19:07.827;117;-12823.783;5133.760;40.532;8.910;277.64;63;0.1677;131;0.000256704;63;1.4476;3.43288;8.9346;38.30;9999.00;
14/06/2019 16:19:37.845;117;-12823.783;5133.760;36.868;9.090;283.52;71;0.2709;136;0.000271984;62;1.3442;3.44332;9.1003;35.69;9999.00;
14/06/2019 16:20:07.851;117;-12823.783;5133.760;34.962;9.272;288.26;78;0.3612;138;0.000278096;63;1.4476;3.45685;9.3004;32.61;9999.00;
14/06/2019 16:20:37.911;117;-12823.783;5133.760;31.192;9.380;289.25;93;0.5547;155;0.000330048;63;1.4476;3.46208;9.3761;29.95;9999.00;
14/06/2019 16:21:07.917;117;-12823.783;5133.760;29.371;9.730;292.35;102;0.6708;174;0.000388112;66;1.7578;3.48864;9.7546;26.90;9999.00;
14/06/2019 16:21:37.924;117;-12823.783;5133.760;25.643;10.146;301.45;142;1.1868;225;0.000543968;63;1.4476;3.51896;10.1467;24.30;9999.00;
14/06/2019 16:22:07.930;117;-12823.783;5133.760;23.885;10.992;321.21;203;1.9737;281;0.000715104;62;1.3442;3.59424;11.0659;21.60;9999.00;
14/06/2019 16:22:37.937;117;-12823.783;5133.760;20.899;11.693;339.77;355;3.9345;398;0.001072656;63;1.4476;3.65115;11.7332;19.55;9999.00;
14/06/2019 16:23:07.943;117;-12823.783;5133.760;19.564;11.838;343.48;361;4.0119;410;0.001109328;61;1.2408;3.66395;11.8655;17.30;9999.00;
14/06/2019 16:23:37.948;117;-12823.783;5133.760;16.705;11.867;345.83;348;3.8442;408;0.001103216;67;1.8612;3.66607;11.8839;15.32;9999.00;
14/06/2019 16:24:07.956;117;-12823.783;5133.760;15.350;11.914;348.23;311;3.3669;401;0.001081824;65;1.6544;3.67147;11.9428;13.06;9999.00;
14/06/2019 16:24:37.961;117;-12823.783;5133.760;12.490;12.049;352.15;199;1.9221;380;0.001017648;63;1.4476;3.68151;12.0641;11.01;9999.00;
14/06/2019 16:25:07.969;117;-12823.783;5133.760;11.007;12.122;356.84;183;1.7157;405;0.001094048;61;1.2408;3.68678;12.1344;8.61;9999.00;
