PLD_REALTIMECLOCK;NAV_RESOURCE;NAV_LONGITUDE;NAV_LATITUDE;NAV_DEPTH;AROD_FT_TEMP;AROD_FT_DO;FLBBCD_CHL_COUNT;FLBBCD_CHL_SCALED;FLBBCD_BB_700_COUNT;FLBBCD_BB_700_SCALED;FLBBCD_CDOM_COUNT;FLBBCD_CDOM_SCALED;GPCTD_CONDUCTIVITY;GPCTD_TEMPERATURE;GPCTD_PRESSURE;GPCTD_DOF;
14/06/2019 23:18:44.507;117;-12824.790;5130.310;13.676;11.161;318.49;181;1.6899;249;0.000617312;65;1.6544;3.56893;10.9771;12.41;9999.00;
14/06/2019 23:19:14.513;110;-12824.790;5130.310;14.947;11.180;329.03;199;1.9221;259;0.000647872;61;1.2408;3.59775;11.2017;14.42;9999.00;
14/06/2019 23:19:44.521;100;-12824.790;5130.310;20.920;10.603;318.77;144;1.2126;205;0.000482848;65;1.6544;3.56932;10.7169;20.61;9999.00;
14/06/2019 23:20:14.528;100;-12824.790;5130.310;25.601;9.536;288.48;92;0.5418;154;0.000326992;62;1.3442;3.48717;9.6495;26.79;9999.00;
14/06/2019 23:20:44.536;100;-12824.790;5130.310;33.945;9.195;274.20;70;0.2580;135;0.000268928;64;1.5510;3.45401;9.1940;33.46;9999.00;
14/06/2019 23:21:14.551;100;-12824.790;5130.310;37.652;9.073;269.38;65;0.1935;123;0.000232256;63;1.4476;3.44764;9.0787;38.81;9999.00;
14/06/2019 23:21:44.556;100;-12824.790;5130.310;45.488;8.723;259.91;61;0.1419;119;0.000220032;61;1.2408;3.42702;8.7242;45.16;9999.00;
14/06/2019 23:22:14.563;100;-12824.790;5130.310;49.130;8.585;250.37;61;0.1419;120;0.000223088;62;1.3442;3.42224;8.6089;50.40;9999.00;
14/06/2019 23:22:44.569;100;-12824.790;5130.310;56.500;8.360;250.16;58;0.1032;116;0.000210864;63;1.4476;3.40955;8.4239;56.40;9999.00;
14/06/2019 23:23:14.576;100;-12824.790;5130.310;60.036;8.328;233.32;56;0.0774;124;0.000235312;63;1.4476;3.42039;8.4127;61.49;9999.00;
14/06/2019 23:23:44.584;100;-12824.790;5130.310;67.321;8.141;231.58;53;0.0387;115;0.000207808;63;1.4476;3.40760;8.1691;67.36;9999.00;
14/06/2019 23:24:14.590;100;-12824.790;5130.310;70.921;8.054;216.32;55;0.0645;112;0.000198640;61;1.2408;3.40397;8.0601;72.46;9999.00;
14/06/2019 23:24:44.597;100;-12824.790;5130.310;77.908;8.034;228.79;53;0.0387;119;0.000220032;62;1.3442;3.42119;8.0516;78.14;9999.00;
14/06/2019 23:25:14.602;100;-12824.790;5130.310;81.190;7.900;203.19;54;0.0516;117;0.000213920;62;1.3442;3.41809;7.9121;82.84;9999.00;
14/06/2019 23:25:44.609;100;-12824.790;5130.310;87.627;7.825;197.02;54;0.0516;121;0.000226144;61;1.2408;3.42070;7.8344;88.07;9999.00;
14/06/2019 23:26:14.616;100;-12824.790;5130.310;90.888;7.760;192.44;56;0.0774;123;0.000232256;61;1.2408;3.42612;7.7716;92.60;9999.00;
14/06/2019 23:26:44.621;100;-12824.790;5130.310;96.901;7.674;175.15;52;0.0258;145;0.000299488;61;1.2408;3.42918;7.6786;97.43;9999.00;
14/06/2019 23:27:14.628;100;-12824.790;5130.310;99.717;7.590;167.87;53;0.0387;137;0.000275040;58;0.9306;3.42985;7.6008;101.39;9999.00;
14/06/2019 23:27:44.633;100;-12824.790;5130.310;104.968;7.453;149.82;53;0.0387;140;0.000284208;59;1.0340;3.42923;7.4769;105.64;9999.00;
14/06/2019 23:28:14.639;100;-12824.790;5130.310;107.615;7.357;131.47;54;0.0516;142;0.000290320;61;1.2408;3.42802;7.3666;109.39;9999.00;
14/06/2019 23:28:44.646;100;-12824.790;5130.310;112.844;7.283;126.03;55;0.0645;142;0.000290320;59;1.0340;3.42668;7.3055;113.67;9999.00;
14/06/2019 23:29:14.653;100;-12824.790;5130.310;115.490;7.183;113.39;53;0.0387;154;0.000326992;60;1.1374;3.42444;7.1870;117.37;9999.00;
14/06/2019 23:29:44.661;100;-12824.790;5130.310;120.550;7.135;110.24;53;0.0387;159;0.000342272;62;1.3442;3.42243;7.1470;121.48;9999.00;
14/06/2019 23:30:14.666;100;-12824.790;5130.310;123.048;7.055;103.41;53;0.0387;160;0.000345328;61;1.2408;3.41907;7.0598;125.01;9999.00;
14/06/2019 23:30:44.673;100;-12824.790;5130.310;127.812;6.908;93.84;56;0.0774;170;0.000375888;62;1.3442;3.41358;6.9334;128.88;9999.00;
14/06/2019 23:31:14.680;100;-12824.790;5130.310;130.098;6.634;98.34;56;0.0774;161;0.000348384;61;1.2408;3.39719;6.6660;132.06;9999.00;
14/06/2019 23:31:44.687;100;-12824.790;5130.310;134.480;6.533;93.95;55;0.0645;160;0.000345328;60;1.1374;3.38926;6.5319;135.71;9999.00;
14/06/2019 23:32:14.693;100;-12824.790;5130.310;136.703;6.472;91.45;55;0.0645;178;0.000400336;62;1.3442;3.38551;6.4724;138.85;9999.00;
14/06/2019 23:32:44.699;100;-12824.790;5130.310;141.106;6.395;90.75;53;0.0387;164;0.000357552;61;1.2408;3.38140;6.4049;142.38;9999.00;
14/06/2019 23:33:14.707;100;-12824.790;5130.310;143.265;6.294;89.14;55;0.0645;170;0.000375888;61;1.2408;3.37567;6.3109;145.43;9999.00;
14/06/2019 23:33:44.711;100;-12824.790;5130.310;147.499;6.245;87.74;52;0.0258;168;0.000369776;61;1.2408;3.37099;6.2471;148.85;9999.00;
14/06/2019 23:34:14.724;100;-12824.790;5130.310;149.573;6.184;85.78;54;0.0516;200;0.000467568;61;1.2408;3.36642;6.1862;151.79;9999.00;
14/06/2019 23:34:44.730;100;-12824.790;5130.310;153.659;6.135;80.72;55;0.0645;308;0.000797616;64;1.5510;3.36238;6.1374;155.09;9999.00;
14/06/2019 23:35:14.736;100;-12824.790;5130.310;155.670;6.119;78.26;54;0.0516;343;0.000904576;63;1.4476;3.36103;6.1217;158.00;9999.00;
14/06/2019 23:35:44.743;100;-12824.790;5130.310;159.924;6.116;78.06;53;0.0387;366;0.000974864;61;1.2408;3.36080;6.1185;161.44;9999.00;
14/06/2019 23:36:14.749;100;-12824.790;5130.310;162.083;6.113;78.07;56;0.0774;385;0.001032928;63;1.4476;3.36058;6.1150;164.50;9999.00;
14/06/2019 23:36:44.756;100;-12824.790;5130.310;166.338;6.111;77.99;52;0.0258;433;0.001179616;63;1.4476;3.36059;6.1143;167.95;9999.00;
14/06/2019 23:37:14.767;100;-12824.790;5130.310;168.412;6.112;77.95;55;0.0645;478;0.001317136;63;1.4476;3.36072;6.1149;170.90;9999.00;
14/06/2019 23:37:44.775;118;-12824.790;5130.310;170.846;6.113;77.93;51;0.0129;447;0.001222400;60;1.1374;3.36074;6.1152;171.96;9999.00;
14/06/2019 23:38:14.782;118;-12824.790;5130.310;167.290;6.111;77.97;56;0.0774;380;0.001017648;64;1.5510;3.36052;6.1146;168.49;9999.00;
14/06/2019 23:38:44.788;117;-12824.790;5130.310;161.469;6.114;77.95;53;0.0387;364;0.000968752;61;1.2408;3.36036;6.1173;162.18;9999.00;
14/06/2019 23:39:14.794;117;-12824.790;5130.310;156.749;6.120;78.01;54;0.0516;310;0.000803728;65;1.6544;3.36056;6.1233;156.11;9999.00;
14/06/2019 23:39:44.799;117;-12824.790;5130.310;148.028;6.218;85.50;52;0.0258;169;0.000372832;63;1.4476;3.36565;6.1917;149.04;9999.00;
14/06/2019 23:40:14.808;117;-12824.790;5130.310;143.710;6.350;88.55;53;0.0387;170;0.000375888;62;1.3442;3.37570;6.3425;142.93;9999.00;
14/06/2019 23:40:44.812;117;-12824.790;5130.310;135.708;6.502;91.44;52;0.0258;184;0.000418672;58;0.9306;3.38467;6.4891;136.47;9999.00;
14/06/2019 23:41:14.819;117;-12824.790;5130.310;131.686;6.807;96.88;53;0.0387;177;0.000397280;61;1.2408;3.39478;6.6733;130.87;9999.00;
14/06/2019 23:41:44.825;117;-12824.790;5130.310;123.853;7.052;101.95;53;0.0387;168;0.000369776;62;1.3442;3.41658;7.0580;124.47;9999.00;
14/06/2019 23:42:14.832;117;-12824.790;5130.310;120.127;7.186;112.81;52;0.0258;152;0.000320880;62;1.3442;3.42215;7.1895;119.23;9999.00;
14/06/2019 23:42:44.838;117;-12824.790;5130.310;113.035;7.341;127.60;56;0.0774;134;0.000265872;62;1.3442;3.42638;7.3499;113.50;9999.00;
14/06/2019 23:43:14.845;117;-12824.790;5130.310;109.541;7.430;145.02;53;0.0387;140;0.000284208;61;1.2408;3.42646;7.4140;108.45;9999.00;
14/06/2019 23:43:44.850;117;-12824.790;5130.310;102.173;7.519;156.05;49;-0.0129;140;0.000284208;62;1.3442;3.42768;7.5181;102.52;9999.00;
14/06/2019 23:44:14.856;117;-12824.790;5130.310;98.489;7.677;173.44;53;0.0387;145;0.000299488;61;1.2408;3.42753;7.6764;97.19;9999.00;
14/06/2019 23:44:44.863;117;-12824.790;5130.310;90.888;7.790;193.98;56;0.0774;133;0.000262816;59;1.0340;3.42209;7.7900;91.03;9999.00;
14/06/2019 23:45:14.871;117;-12824.790;5130.310;87.564;7.834;195.86;53;0.0387;122;0.000229200;61;1.2408;3.41920;7.8341;86.35;9999.00;
14/06/2019 23:45:44.877;117;-12824.790;5130.310;81.593;7.896;201.28;55;0.0645;119;0.000220032;60;1.1374;3.41696;7.8971;81.59;9999.00;
14/06/2019 23:46:14.884;117;-12824.790;5130.310;78.882;8.017;222.48;53;0.0387;168;0.000369776;60;1.1374;3.41974;8.0184;77.70;9999.00;
14/06/2019 23:46:44.888;117;-12824.790;5130.310;73.716;8.148;239.29;54;0.0516;142;0.000290320;63;1.4476;3.42010;8.1554;73.50;9999.00;
14/06/2019 23:47:14.896;117;-12824.790;5130.310;71.027;8.068;212.11;56;0.0774;115;0.000207808;60;1.1374;3.40037;8.0705;69.68;9999.00;
14/06/2019 23:47:44.902;117;-12824.790;5130.310;65.817;8.168;226.62;55;0.0645;119;0.000220032;61;1.2408;3.40571;8.1793;65.48;9999.00;
14/06/2019 23:48:14.912;117;-12824.790;5130.310;63.403;8.320;226.45;58;0.1032;121;0.000226144;62;1.3442;3.41535;8.3412;62.04;9999.00;
14/06/2019 23:48:44.917;117;-12824.790;5130.310;58.427;8.317;241.13;62;0.1548;122;0.000229200;60;1.1374;3.41183;8.3696;57.99;9999.00;
14/06/2019 23:49:14.924;117;-12824.790;5130.310;56.076;8.338;254.15;57;0.0903;118;0.000216976;61;1.2408;3.39771;8.3082;54.59;9999.00;
14/06/2019 23:49:44.929;117;-12824.790;5130.310;51.354;8.524;251.79;59;0.1161;120;0.000223088;64;1.5510;3.40443;8.3959;50.82;9999.00;
14/06/2019 23:50:14.938;117;-12824.790;5130.310;49.215;8.604;250.92;60;0.1290;119;0.000220032;62;1.3442;3.41989;8.6297;47.68;9999.00;
14/06/2019 23:50:44.944;117;-12824.790;5130.310;45.000;8.760;258.14;63;0.1677;124;0.000235312;63;1.4476;3.42546;8.7520;44.28;9999.00;
14/06/2019 23:51:14.950;117;-12824.790;5130.310;42.946;9.054;267.59;66;0.2064;127;0.000244480;60;1.1374;3.44298;9.0576;41.37;9999.00;
14/06/2019 23:51:44.957;117;-12824.790;5130.310;39.113;9.108;269.25;67;0.2193;131;0.000256704;65;1.6544;3.44694;9.1155;38.32;9999.00;
14/06/2019 23:52:14.962;117;-12824.790;5130.310;37.228;9.161;271.56;73;0.2967;129;0.000250592;63;1.4476;3.44877;9.1692;35.64;9999.00;
14/06/2019 23:52:44.969;117;-12824.790;5130.310;33.119;9.271;277.47;80;0.3870;140;0.000284208;64;1.5510;3.45348;9.2611;32.34;9999.00;
14/06/2019 23:53:14.976;117;-12824.790;5130.310;31.023;9.486;285.26;93;0.5547;147;0.000305600;65;1.6544;3.46871;9.4749;29.36;9999.00;
14/06/2019 23:53:44.982;117;-12824.790;5130.310;27.295;9.938;294.11;114;0.8256;186;0.000424784;64;1.5510;3.50496;9.9673;26.32;9999.00;
14/06/2019 23:54:14.990;117;-12824.790;5130.310;25.664;10.284;305.56;134;1.0836;193;0.000446176;63;1.4476;3.53092;10.2797;23.95;9999.00;
14/06/2019 23:54:44.994;117;-12824.790;5130.310;22.424;10.616;313.42;156;1.3674;227;0.000550080;64;1.5510;3.56033;10.6369;21.37;9999.00;
14/06/2019 23:55:15.002;117;-12824.790;5130.310;20.835;11.178;326.63;224;2.2446;276;0.000699824;64;1.5510;3.60047;11.1563;19.11;9999.00;
14/06/2019 23:55:45.009;117;-12824.790;5130.310;17.573;11.124;325.36;197;1.8963;273;0.000690656;63;1.4476;3.59614;11.1616;16.45;9999.00;
14/06/2019 23:56:15.023;117;-12824.790;5130.310;15.879;11.189;328.74;264;2.7606;313;0.000812896;67;1.8612;3.59152;11.1533;14.11;9999.00;
14/06/2019 23:56:45.028;117;-12824.790;5130.310;12.617;11.369;340.48;282;2.9928;320;0.000834288;66;1.7578;3.59489;11.3716;11.41;9999.00;
14/06/2019 23:57:15.036;117;-12824.790;5130.310;10.986;12.256;359.53;193;1.8447;481;0.001326304;63;1.4476;3.66980;12.1697;9.17;9999.00;
