PLD_REALTIMECLOCK;NAV_RESOURCE;NAV_LONGITUDE;NAV_LATITUDE;NAV_DEPTH;AROD_FT_TEMP;AROD_FT_DO;FLBBCD_CHL_COUNT;FLBBCD_CHL_SCALED;FLBBCD_BB_700_COUNT;FLBBCD_BB_700_SCALED;FLBBCD_CDOM_COUNT;FLBBCD_CDOM_SCALED;GPCTD_CONDUCTIVITY;GPCTD_TEMPERATURE;GPCTD_PRESSURE;GPCTD_DOF;
13/06/2019 18:30:17.578;115;-12818.019;5141.048;7.894;11.898;372.67;288;3.0702;364;0.000968752;65;1.6544;3.63384;11.9292;8.50;9999.00;
13/06/2019 18:30:47.587;115;-12818.019;5141.048;1.497;12.377;363.01;109;0.7611;298;0.000767056;62;1.3442;3.65258;12.4150;0.96;9999.00;
13/06/2019 18:31:17.593;116;-12818.019;5141.048;1.073;12.411;362.80;108;0.7482;311;0.000806784;68;1.9646;3.65325;12.4148;0.29;9999.00;
13/06/2019 18:31:47.601;116;-12818.019;5141.048;1.158;12.415;362.93;127;0.9933;308;0.000797616;66;1.7578;3.65435;12.4251;0.57;9999.00;
13/06/2019 18:32:17.607;116;-12818.019;5141.048;1.116;12.416;362.70;112;0.7998;283;0.000721216;66;1.7578;3.65467;12.4279;0.21;9999.00;
13/06/2019 18:32:47.327;116;-12818.129;5140.924;1.073;12.417;362.83;107;0.7353;278;0.000705936;68;1.9646;3.65474;12.4252;0.32;9999.00;
13/06/2019 18:33:17.333;116;-12818.132;5140.920;1.031;12.419;363.19;116;0.8514;297;0.000764000;66;1.7578;3.65448;12.4227;0.20;9999.00;
13/06/2019 18:33:47.339;116;-12818.132;5140.920;1.031;12.420;362.91;114;0.8256;336;0.000883184;64;1.5510;3.65506;12.4264;0.25;9999.00;
13/06/2019 18:34:17.346;116;-12818.132;5140.920;1.031;12.418;362.39;116;0.8514;313;0.000812896;56;0.7238;3.65509;12.4238;0.24;9999.00;
13/06/2019 18:34:47.353;116;-12818.146;5140.903;1.094;12.421;362.62;117;0.8643;311;0.000806784;68;1.9646;3.65508;12.4253;0.20;9999.00;
13/06/2019 18:35:17.359;116;-12818.146;5140.902;1.010;12.416;362.94;121;0.9159;282;0.000718160;65;1.6544;3.65512;12.4254;0.24;9999.00;
13/06/2019 18:35:47.365;116;-12818.163;5140.891;1.116;12.412;363.12;109;0.7611;298;0.000767056;65;1.6544;3.65476;12.4167;0.42;9999.00;
13/06/2019 18:36:17.371;116;-12818.162;5140.888;1.073;12.421;362.95;120;0.9030;292;0.000748720;63;1.4476;3.65497;12.4236;0.20;9999.00;
13/06/2019 18:36:47.377;116;-12818.163;5140.884;1.073;12.419;362.71;110;0.7740;293;0.000751776;60;1.1374;3.65512;12.4224;0.26;9999.00;
13/06/2019 18:37:17.383;116;-12818.163;5140.884;1.073;12.416;362.90;106;0.7224;300;0.000773168;65;1.6544;3.65545;12.4269;0.33;9999.00;
13/06/2019 18:37:47.389;116;-12818.163;5140.884;1.073;12.421;362.89;107;0.7353;322;0.000840400;71;2.2748;3.65536;12.4258;0.28;9999.00;
13/06/2019 18:38:17.396;116;-12818.163;5140.884;1.073;12.419;362.68;105;0.7095;291;0.000745664;64;1.5510;3.65552;12.4292;0.25;9999.00;
13/06/2019 18:38:47.403;116;-12818.163;5140.884;1.073;12.419;362.92;106;0.7224;281;0.000715104;64;1.5510;3.65546;12.4231;0.76;9999.00;
13/06/2019 18:39:17.409;116;-12818.163;5140.884;1.073;12.417;363.13;108;0.7482;298;0.000767056;66;1.7578;3.65543;12.4277;0.39;9999.00;
13/06/2019 18:39:47.416;116;-12818.163;5140.884;1.073;12.419;363.28;103;0.6837;294;0.000754832;60;1.1374;3.65554;12.4251;0.58;9999.00;
13/06/2019 18:40:17.422;116;-12818.163;5140.884;1.073;12.422;362.79;108;0.7482;324;0.000846512;61;1.2408;3.65559;12.4305;0.23;9999.00;
13/06/2019 18:40:47.428;116;-12818.163;5140.884;1.073;12.427;362.90;110;0.7740;299;0.000770112;63;1.4476;3.65558;12.4201;1.10;9999.00;
13/06/2019 18:41:17.434;116;-12818.163;5140.884;1.073;12.430;362.95;109;0.7611;286;0.000730384;62;1.3442;3.65541;12.4244;0.41;9999.00;
13/06/2019 18:41:47.440;116;-12818.163;5140.884;1.073;12.417;362.86;105;0.7095;322;0.000840400;70;2.1714;3.65563;12.4261;0.36;9999.00;
13/06/2019 18:42:17.449;116;-12818.213;5140.817;0.989;12.426;362.65;104;0.6966;284;0.000724272;61;1.2408;3.65585;12.4314;0.35;9999.00;
13/06/2019 18:42:47.454;116;-12818.214;5140.815;1.073;12.428;362.71;118;0.8772;299;0.000770112;65;1.6544;3.65597;12.4342;0.25;9999.00;
13/06/2019 18:43:17.470;116;-12818.219;5140.809;1.052;12.432;362.64;106;0.7224;279;0.000708992;62;1.3442;3.65642;12.4412;0.31;9999.00;
13/06/2019 18:43:47.476;116;-12818.222;5140.806;1.052;12.426;362.80;108;0.7482;291;0.000745664;61;1.2408;3.65610;12.4288;1.38;9999.00;
13/06/2019 18:44:17.485;116;-12818.228;5140.797;1.010;12.434;362.74;126;0.9804;291;0.000745664;64;1.5510;3.65633;12.4395;0.29;9999.00;
13/06/2019 18:44:47.493;116;-12818.229;5140.788;1.073;12.425;362.69;114;0.8256;289;0.000739552;61;1.2408;3.65606;12.4355;0.18;9999.00;
13/06/2019 18:45:17.500;116;-12818.228;5140.784;1.073;12.431;362.45;110;0.7740;300;0.000773168;65;1.6544;3.65632;12.4407;0.18;9999.00;
13/06/2019 18:45:47.506;116;-12818.232;5140.779;1.052;12.433;362.18;107;0.7353;281;0.000715104;68;1.9646;3.65642;12.4412;0.30;9999.00;
13/06/2019 18:46:17.512;116;-12818.243;5140.774;1.031;12.429;362.73;110;0.7740;289;0.000739552;64;1.5510;3.65627;12.4392;0.24;9999.00;
13/06/2019 18:46:47.519;116;-12818.244;5140.769;1.052;12.429;362.64;111;0.7869;279;0.000708992;61;1.2408;3.65607;12.4359;0.30;9999.00;
13/06/2019 18:47:17.525;110;-12818.246;5140.766;1.031;12.430;362.95;114;0.8256;332;0.000870960;63;1.4476;3.65609;12.4376;0.23;9999.00;
13/06/2019 18:47:47.531;110;-12818.246;5140.766;4.674;12.370;363.89;184;1.7286;289;0.000739552;61;1.2408;3.65519;12.3939;5.74;9999.00;
13/06/2019 18:48:17.532;100;-12818.246;5140.766;11.219;11.682;359.89;329;3.5991;314;0.000815952;65;1.6544;3.62247;11.7296;11.08;9999.00;
13/06/2019 18:48:47.546;100;-12818.246;5140.766;14.629;11.501;336.55;241;2.4639;298;0.000767056;65;1.6544;3.61950;11.4635;15.89;9999.00;
13/06/2019 18:49:17.552;100;-12818.246;5140.766;20.136;11.467;337.93;216;2.1414;298;0.000767056;65;1.6544;3.62575;11.4701;19.77;9999.00;
13/06/2019 18:49:47.558;100;-12818.246;5140.766;22.805;11.180;330.13;153;1.3287;240;0.000589808;64;1.5510;3.60225;11.1895;24.21;9999.00;
13/06/2019 18:50:17.566;100;-12818.246;5140.766;28.333;10.859;316.55;128;1.0062;203;0.000476736;64;1.5510;3.57714;10.8655;28.15;9999.00;
13/06/2019 18:50:47.573;100;-12818.246;5140.766;31.192;9.585;293.41;119;0.8901;157;0.000336160;62;1.3442;3.49184;9.6936;32.75;9999.00;
13/06/2019 18:51:17.579;100;-12818.246;5140.766;36.847;9.314;288.04;81;0.3999;144;0.000296432;62;1.3442;3.46570;9.3336;36.73;9999.00;
13/06/2019 18:51:47.585;100;-12818.246;5140.766;39.388;9.137;281.73;70;0.2580;135;0.000268928;63;1.4476;3.45456;9.1469;40.93;9999.00;
13/06/2019 18:52:17.592;100;-12818.246;5140.766;44.640;8.958;280.39;69;0.2451;150;0.000314768;61;1.2408;3.43996;8.9588;44.55;9999.00;
13/06/2019 18:52:47.599;100;-12818.246;5140.766;47.182;8.867;274.73;64;0.1806;116;0.000210864;60;1.1374;3.43383;8.8675;48.75;9999.00;
13/06/2019 18:53:17.605;100;-12818.246;5140.766;52.137;8.589;272.62;61;0.1419;121;0.000226144;60;1.1374;3.41499;8.6232;52.26;9999.00;
13/06/2019 18:53:47.612;100;-12818.246;5140.766;54.657;8.436;268.09;56;0.0774;111;0.000195584;60;1.1374;3.40429;8.4405;56.35;9999.00;
13/06/2019 18:54:17.618;100;-12818.246;5140.766;59.549;8.325;261.13;55;0.0645;110;0.000192528;61;1.2408;3.39927;8.3278;59.78;9999.00;
13/06/2019 18:54:47.625;100;-12818.246;5140.766;61.984;8.221;254.31;56;0.0774;110;0.000192528;60;1.1374;3.39619;8.2214;63.62;9999.00;
13/06/2019 18:55:17.631;100;-12818.246;5140.766;66.537;8.156;242.70;53;0.0387;113;0.000201696;61;1.2408;3.39799;8.1572;66.92;9999.00;
13/06/2019 18:55:47.638;100;-12818.246;5140.766;68.930;8.118;232.73;57;0.0903;118;0.000216976;61;1.2408;3.40146;8.1179;70.64;9999.00;
13/06/2019 18:56:17.644;100;-12818.246;5140.766;73.377;8.110;220.69;56;0.0774;118;0.000216976;61;1.2408;3.40970;8.1429;73.80;9999.00;
13/06/2019 18:56:47.651;100;-12818.246;5140.766;75.685;8.048;215.14;53;0.0387;113;0.000201696;60;1.1374;3.40776;8.0613;77.42;9999.00;
13/06/2019 18:57:17.657;100;-12818.246;5140.766;80.089;7.935;198.59;54;0.0516;116;0.000210864;62;1.3442;3.41439;7.9460;80.60;9999.00;
13/06/2019 18:57:47.664;100;-12818.246;5140.766;82.080;7.826;194.23;54;0.0516;137;0.000275040;60;1.1374;3.42037;7.8297;83.81;9999.00;
13/06/2019 18:58:17.671;100;-12818.246;5140.766;85.870;7.744;183.26;54;0.0516;119;0.000220032;58;0.9306;3.42517;7.7599;86.52;9999.00;
13/06/2019 18:58:47.677;100;-12818.246;5140.766;87.860;7.650;164.32;55;0.0645;123;0.000232256;61;1.2408;3.42594;7.6494;89.53;9999.00;
13/06/2019 18:59:17.681;100;-12818.246;5140.766;91.417;7.640;162.98;54;0.0516;122;0.000229200;58;0.9306;3.42589;7.6403;92.06;9999.00;
13/06/2019 18:59:47.690;100;-12818.246;5140.766;93.260;7.491;151.50;52;0.0258;125;0.000238368;60;1.1374;3.42560;7.5003;94.93;9999.00;
13/06/2019 19:00:17.698;100;-12818.246;5140.766;96.626;7.423;146.33;54;0.0516;127;0.000244480;62;1.3442;3.42362;7.4265;97.38;9999.00;
13/06/2019 19:00:47.705;100;-12818.246;5140.766;98.383;7.371;136.49;56;0.0774;131;0.000256704;58;0.9306;3.42657;7.3783;100.14;9999.00;
13/06/2019 19:01:17.711;118;-12818.246;5140.766;100.035;7.391;137.25;51;0.0129;120;0.000223088;60;1.1374;3.42643;7.3871;99.52;9999.00;
13/06/2019 19:01:47.718;118;-12818.246;5140.766;95.271;7.616;153.40;52;0.0258;128;0.000247536;61;1.2408;3.42509;7.5807;94.12;9999.00;
13/06/2019 19:02:17.730;117;-12818.246;5140.766;90.782;7.773;177.54;56;0.0774;117;0.000213920;63;1.4476;3.42479;7.7200;87.52;9999.00;
13/06/2019 19:02:47.736;117;-12818.246;5140.766;81.127;8.001;198.81;52;0.0258;113;0.000201696;62;1.3442;3.41211;7.9483;80.18;9999.00;
13/06/2019 19:03:17.742;117;-12818.246;5140.766;76.807;8.136;216.86;55;0.0645;119;0.000220032;63;1.4476;3.40756;8.1139;74.33;9999.00;
13/06/2019 19:03:47.748;117;-12818.246;5140.766;69.438;8.120;241.90;56;0.0774;111;0.000195584;62;1.3442;3.39743;8.1241;68.36;9999.00;
13/06/2019 19:04:17.756;117;-12818.246;5140.766;65.711;8.221;254.02;57;0.0903;114;0.000204752;61;1.2408;3.39388;8.2208;63.17;9999.00;
13/06/2019 19:04:47.763;117;-12818.246;5140.766;58.575;8.428;269.34;55;0.0645;118;0.000216976;61;1.2408;3.39994;8.4392;57.36;9999.00;
13/06/2019 19:05:17.769;117;-12818.246;5140.766;55.166;8.611;271.98;61;0.1419;125;0.000238368;61;1.2408;3.40983;8.5990;52.73;9999.00;
13/06/2019 19:05:47.775;117;-12818.246;5140.766;49.067;8.902;274.78;66;0.2064;129;0.000250592;65;1.6544;3.43446;8.9159;47.69;9999.00;
13/06/2019 19:06:17.781;117;-12818.246;5140.766;45.911;8.968;280.16;68;0.2322;129;0.000250592;64;1.5510;3.43770;8.9737;43.33;9999.00;
13/06/2019 19:06:47.789;117;-12818.246;5140.766;39.812;9.253;281.84;77;0.3483;134;0.000265872;63;1.4476;3.45799;9.2555;38.43;9999.00;
13/06/2019 19:07:17.795;117;-12818.246;5140.766;36.762;9.571;297.37;96;0.5934;165;0.000360608;64;1.5510;3.47665;9.5670;34.07;9999.00;
13/06/2019 19:07:47.801;117;-12818.246;5140.766;30.959;10.063;289.05;99;0.6321;180;0.000406448;65;1.6544;3.50946;10.1235;29.45;9999.00;
13/06/2019 19:08:17.809;117;-12818.246;5140.766;28.481;10.853;312.76;130;1.0320;219;0.000525632;65;1.6544;3.57393;10.8965;26.02;9999.00;
13/06/2019 19:08:47.814;117;-12818.246;5140.766;23.610;11.105;321.23;150;1.2900;237;0.000580640;63;1.4476;3.58976;11.0993;22.03;9999.00;
13/06/2019 19:09:17.820;117;-12818.246;5140.766;21.089;11.307;334.73;221;2.2059;299;0.000770112;63;1.4476;3.60915;11.3420;18.32;9999.00;
13/06/2019 19:09:47.828;117;-12818.246;5140.766;15.688;11.488;338.62;276;2.9154;301;0.000776224;65;1.6544;3.61743;11.4991;14.01;9999.00;
13/06/2019 19:10:17.835;117;-12818.246;5140.766;13.422;11.694;354.37;455;5.2245;389;0.001045152;61;1.2408;3.62087;11.7137;10.80;9999.00;
13/06/2019 19:10:47.842;117;-12818.246;5140.766;9.334;12.023;368.96;324;3.5346;411;0.001112384;60;1.1374;3.64126;12.0190;7.47;9999.00;
