PLD_REALTIMECLOCK;NAV_RESOURCE;NAV_LONGITUDE;NAV_LATITUDE;NAV_DEPTH;AROD_FT_TEMP;AROD_FT_DO;FLBBCD_CHL_COUNT;FLBBCD_CHL_SCALED;FLBBCD_BB_700_COUNT;FLBBCD_BB_700_SCALED;FLBBCD_CDOM_COUNT;FLBBCD_CDOM_SCALED;GPCTD_CONDUCTIVITY;GPCTD_TEMPERATURE;GPCTD_PRESSURE;GPCTD_DOF;
15/06/2019 06:33:20.787;115;-12829.130;5127.411;8.868;12.463;366.55;189;1.7931;397;0.001069600;64;1.5510;3.67538;12.4724;9.28;9999.00;
15/06/2019 06:33:50.795;115;-12829.130;5127.411;1.264;12.941;357.20;175;1.6125;320;0.000834288;65;1.6544;3.71349;12.9449;1.86;9999.00;
15/06/2019 06:34:20.802;116;-12829.130;5127.411;1.200;12.954;357.02;178;1.6512;338;0.000889296;63;1.4476;3.71542;12.9677;0.52;9999.00;
15/06/2019 06:34:50.711;116;-12829.466;5127.127;1.264;12.959;356.70;175;1.6125;352;0.000932080;62;1.3442;3.71517;12.9623;0.25;9999.00;
15/06/2019 06:35:20.718;116;-12829.468;5127.125;1.200;12.967;356.89;174;1.5996;318;0.000828176;64;1.5510;3.71642;12.9745;0.28;9999.00;
15/06/2019 06:35:50.724;116;-12829.471;5127.125;1.222;12.966;357.20;178;1.6512;326;0.000852624;62;1.3442;3.71630;12.9738;0.33;9999.00;
15/06/2019 06:36:20.732;116;-12829.474;5127.122;1.285;12.966;357.08;174;1.5996;328;0.000858736;64;1.5510;3.71626;12.9710;0.67;9999.00;
15/06/2019 06:36:50.740;116;-12829.474;5127.122;1.285;12.962;356.93;171;1.5609;332;0.000870960;64;1.5510;3.71567;12.9643;0.24;9999.00;
15/06/2019 06:37:20.747;116;-12829.474;5127.122;1.285;12.953;356.67;175;1.6125;327;0.000855680;60;1.1374;3.71507;12.9581;0.11;9999.00;
15/06/2019 06:37:50.755;116;-12829.481;5127.113;1.264;12.951;356.26;172;1.5738;328;0.000858736;62;1.3442;3.71499;12.9575;0.12;9999.00;
15/06/2019 06:38:20.760;116;-12829.481;5127.113;1.306;12.956;356.49;179;1.6641;340;0.000895408;62;1.3442;3.71532;12.9612;0.63;9999.00;
15/06/2019 06:38:50.768;116;-12829.479;5127.108;1.243;12.964;356.64;180;1.6770;332;0.000870960;65;1.6544;3.71526;12.9603;0.10;9999.00;
15/06/2019 06:39:20.776;116;-12829.439;5127.104;1.349;12.961;356.65;174;1.5996;318;0.000828176;61;1.2408;3.71559;12.9646;1.04;9999.00;
15/06/2019 06:39:50.782;116;-12829.394;5127.098;1.285;12.965;356.62;170;1.5480;318;0.000828176;63;1.4476;3.71572;12.9668;0.46;9999.00;
15/06/2019 06:40:20.789;116;-12829.394;5127.098;1.285;12.959;356.67;162;1.4448;318;0.000828176;62;1.3442;3.71599;12.9692;0.12;9999.00;
15/06/2019 06:40:50.796;116;-12829.394;5127.098;1.285;12.956;356.71;163;1.4577;332;0.000870960;62;1.3442;3.71531;12.9616;0.19;9999.00;
15/06/2019 06:41:20.803;116;-12829.394;5127.098;1.285;12.959;356.88;173;1.5867;310;0.000803728;64;1.5510;3.71554;12.9642;0.30;9999.00;
15/06/2019 06:41:50.810;116;-12829.394;5127.098;1.285;12.962;356.81;169;1.5351;305;0.000788448;64;1.5510;3.71566;12.9655;0.17;9999.00;
15/06/2019 06:42:20.817;116;-12829.394;5127.098;1.285;12.960;356.66;181;1.6899;334;0.000877072;61;1.2408;3.71559;12.9650;0.11;9999.00;
15/06/2019 06:42:50.824;116;-12829.394;5127.098;1.285;12.959;356.88;177;1.6383;328;0.000858736;63;1.4476;3.71549;12.9637;0.15;9999.00;
15/06/2019 06:43:20.832;116;-12829.394;5127.098;1.285;12.959;356.53;167;1.5093;306;0.000791504;62;1.3442;3.71544;12.9631;0.22;9999.00;
15/06/2019 06:43:50.838;116;-12829.394;5127.098;1.285;12.963;356.77;171;1.5609;300;0.000773168;63;1.4476;3.71565;12.9648;0.15;9999.00;
15/06/2019 06:44:20.845;116;-12829.394;5127.098;1.285;12.965;356.71;173;1.5867;350;0.000925968;62;1.3442;3.71585;12.9683;0.09;9999.00;
15/06/2019 06:44:50.852;116;-12829.394;5127.098;1.285;12.963;356.95;169;1.5351;314;0.000815952;65;1.6544;3.71592;12.9687;0.12;9999.00;
15/06/2019 06:45:20.859;116;-12829.530;5127.077;1.200;12.966;356.76;164;1.4706;309;0.000800672;63;1.4476;3.71589;12.9684;0.15;9999.00;
15/06/2019 06:45:50.868;116;-12829.532;5127.075;1.264;12.954;356.66;168;1.5222;298;0.000767056;64;1.5510;3.71564;12.9647;0.32;9999.00;
15/06/2019 06:46:20.881;116;-12829.534;5127.072;1.179;12.951;356.11;173;1.5867;310;0.000803728;64;1.5510;3.71466;12.9533;0.24;9999.00;
15/06/2019 06:46:50.887;116;-12829.539;5127.067;1.370;12.954;356.43;175;1.6125;309;0.000800672;60;1.1374;3.71545;12.9611;0.75;9999.00;
15/06/2019 06:47:20.894;116;-12829.540;5127.066;1.243;12.953;356.59;174;1.5996;304;0.000785392;62;1.3442;3.71484;12.9545;0.22;9999.00;
15/06/2019 06:47:50.903;116;-12829.543;5127.062;1.179;12.953;356.73;175;1.6125;314;0.000815952;63;1.4476;3.71576;12.9672;0.27;9999.00;
15/06/2019 06:48:20.909;116;-12829.545;5127.060;1.200;12.955;356.80;178;1.6512;307;0.000794560;61;1.2408;3.71534;12.9627;0.18;9999.00;
15/06/2019 06:48:50.921;116;-12829.547;5127.057;1.243;12.963;356.71;167;1.5093;335;0.000880128;64;1.5510;3.71589;12.9677;0.30;9999.00;
15/06/2019 06:49:20.928;116;-12829.546;5127.058;1.306;12.965;357.13;175;1.6125;311;0.000806784;63;1.4476;3.71607;12.9687;0.85;9999.00;
15/06/2019 06:49:50.935;116;-12829.549;5127.051;1.582;12.965;356.57;174;1.5996;310;0.000803728;65;1.6544;3.71581;12.9662;1.21;9999.00;
15/06/2019 06:50:20.941;110;-12829.552;5127.049;1.243;12.964;356.46;176;1.6254;329;0.000861792;63;1.4476;3.71586;12.9678;0.50;9999.00;
15/06/2019 06:50:50.948;110;-12829.552;5127.049;1.243;12.956;356.27;172;1.5738;318;0.000828176;60;1.1374;3.71458;12.9537;0.23;9999.00;
15/06/2019 06:51:20.965;110;-12829.552;5127.049;1.222;12.942;355.90;168;1.5222;320;0.000834288;62;1.3442;3.71431;12.9503;0.27;9999.00;
15/06/2019 06:51:50.976;100;-12829.552;5127.049;3.869;12.956;356.69;163;1.4577;310;0.000803728;64;1.5510;3.71547;12.9614;4.06;9999.00;
15/06/2019 06:52:20.983;100;-12829.552;5127.049;8.656;12.473;365.93;203;1.9737;376;0.001005424;63;1.4476;3.69307;12.5147;10.37;9999.00;
15/06/2019 06:52:50.989;100;-12829.552;5127.049;17.870;12.095;367.02;240;2.4510;439;0.001197952;63;1.4476;3.68304;12.0902;17.82;9999.00;
15/06/2019 06:53:20.996;100;-12829.552;5127.049;22.339;11.246;336.85;225;2.2575;306;0.000791504;64;1.5510;3.63804;11.5006;24.16;9999.00;
15/06/2019 06:53:51.002;100;-12829.552;5127.049;30.896;9.946;317.43;76;0.3354;185;0.000421728;62;1.3442;3.51903;9.9707;31.03;9999.00;
15/06/2019 06:54:21.009;100;-12829.552;5127.049;34.920;9.313;300.64;66;0.2064;138;0.000278096;63;1.4476;3.47411;9.3600;36.71;9999.00;
15/06/2019 06:54:51.015;100;-12829.552;5127.049;42.777;8.883;286.22;59;0.1161;131;0.000256704;61;1.2408;3.44996;8.9411;43.04;9999.00;
15/06/2019 06:55:21.022;100;-12829.552;5127.049;46.568;8.665;281.96;57;0.0903;130;0.000253648;61;1.2408;3.43269;8.6823;48.40;9999.00;
15/06/2019 06:55:51.028;100;-12829.552;5127.049;53.895;8.438;267.23;56;0.0774;126;0.000241424;61;1.2408;3.42342;8.4445;54.31;9999.00;
15/06/2019 06:56:21.036;100;-12829.552;5127.049;57.432;8.342;264.97;55;0.0645;123;0.000232256;62;1.3442;3.42479;8.3643;59.27;9999.00;
15/06/2019 06:56:51.042;100;-12829.552;5127.049;64.039;8.266;258.78;53;0.0387;124;0.000235312;60;1.1374;3.42292;8.2791;64.57;9999.00;
15/06/2019 06:57:21.049;100;-12829.552;5127.049;67.194;8.232;253.58;52;0.0258;119;0.000220032;61;1.2408;3.42211;8.2386;69.11;9999.00;
15/06/2019 06:57:51.055;100;-12829.552;5127.049;73.695;8.036;239.92;55;0.0645;133;0.000262816;59;1.0340;3.41593;8.0496;74.31;9999.00;
15/06/2019 06:58:21.066;100;-12829.552;5127.049;76.786;7.947;228.79;55;0.0645;124;0.000235312;60;1.1374;3.41507;7.9551;78.83;9999.00;
15/06/2019 06:58:51.074;100;-12829.552;5127.049;83.202;7.903;219.89;52;0.0258;127;0.000244480;60;1.1374;3.41786;7.9057;84.03;9999.00;
15/06/2019 06:59:21.082;100;-12829.552;5127.049;86.569;7.760;198.57;53;0.0387;155;0.000330048;58;0.9306;3.42420;7.7748;88.76;9999.00;
15/06/2019 06:59:51.087;100;-12829.552;5127.049;93.027;7.755;190.71;53;0.0387;136;0.000271984;62;1.3442;3.42675;7.7602;93.98;9999.00;
15/06/2019 07:00:21.094;100;-12829.552;5127.049;96.139;7.747;186.66;52;0.0258;127;0.000244480;61;1.2408;3.42787;7.7512;98.42;9999.00;
15/06/2019 07:00:51.101;100;-12829.552;5127.049;102.279;7.674;178.19;54;0.0516;129;0.000250592;60;1.1374;3.42920;7.6764;103.41;9999.00;
15/06/2019 07:01:21.108;100;-12829.552;5127.049;105.201;7.616;172.42;54;0.0516;128;0.000247536;61;1.2408;3.43045;7.6332;107.56;9999.00;
15/06/2019 07:01:51.112;100;-12829.552;5127.049;111.066;7.504;150.61;55;0.0645;129;0.000250592;60;1.1374;3.43117;7.5089;112.29;9999.00;
15/06/2019 07:02:21.119;100;-12829.552;5127.049;113.903;7.176;121.64;52;0.0258;141;0.000287264;60;1.1374;3.42320;7.1815;116.40;9999.00;
15/06/2019 07:02:51.129;100;-12829.552;5127.049;119.725;7.055;118.21;51;0.0129;148;0.000308656;60;1.1374;3.41862;7.0648;120.97;9999.00;
15/06/2019 07:03:21.134;100;-12829.552;5127.049;122.456;6.969;110.42;53;0.0387;160;0.000345328;61;1.2408;3.41470;6.9879;124.87;9999.00;
15/06/2019 07:03:51.143;100;-12829.552;5127.049;127.663;6.932;108.18;53;0.0387;180;0.000406448;61;1.2408;3.41156;6.9346;129.06;9999.00;
15/06/2019 07:04:21.149;100;-12829.552;5127.049;130.098;6.749;96.17;54;0.0516;199;0.000464512;61;1.2408;3.40224;6.7479;132.60;9999.00;
15/06/2019 07:04:51.154;100;-12829.552;5127.049;134.840;6.579;89.46;52;0.0258;186;0.000424784;61;1.2408;3.39236;6.5774;136.44;9999.00;
15/06/2019 07:05:21.161;100;-12829.552;5127.049;137.169;6.535;88.84;55;0.0645;179;0.000403392;59;1.0340;3.39022;6.5399;139.65;9999.00;
15/06/2019 07:05:51.317;100;-12829.552;5127.049;141.572;6.446;88.23;53;0.0387;172;0.000382000;61;1.2408;3.38516;6.4524;143.19;9999.00;
15/06/2019 07:06:21.323;100;-12829.552;5127.049;143.667;6.346;87.71;51;0.0129;146;0.000302544;61;1.2408;3.37921;6.3536;146.25;9999.00;
15/06/2019 07:06:51.330;100;-12829.552;5127.049;147.838;6.275;88.92;53;0.0387;151;0.000317824;63;1.4476;3.37420;6.2876;149.55;9999.00;
15/06/2019 07:07:21.337;100;-12829.552;5127.049;149.806;6.136;86.13;54;0.0516;173;0.000385056;61;1.2408;3.36425;6.1568;152.36;9999.00;
15/06/2019 07:07:51.342;100;-12829.552;5127.049;153.680;6.043;79.97;56;0.0774;228;0.000553136;61;1.2408;3.35504;6.0433;155.52;9999.00;
15/06/2019 07:08:21.348;100;-12829.552;5127.049;155.627;6.020;78.86;55;0.0645;260;0.000650928;63;1.4476;3.35329;6.0229;158.25;9999.00;
15/06/2019 07:08:51.356;100;-12829.552;5127.049;159.543;6.013;78.18;51;0.0129;270;0.000681488;62;1.3442;3.35255;6.0147;161.43;9999.00;
15/06/2019 07:09:21.361;100;-12829.552;5127.049;161.491;6.010;77.99;54;0.0516;278;0.000705936;63;1.4476;3.35241;6.0128;164.22;9999.00;
15/06/2019 07:09:51.380;100;-12829.552;5127.049;165.470;6.009;77.89;53;0.0387;303;0.000782336;63;1.4476;3.35237;6.0117;167.45;9999.00;
15/06/2019 07:10:21.387;100;-12829.552;5127.049;167.438;6.009;77.83;54;0.0516;302;0.000779280;63;1.4476;3.35243;6.0121;170.31;9999.00;
15/06/2019 07:10:51.392;100;-12829.552;5127.049;171.608;6.007;77.77;53;0.0387;403;0.001087936;63;1.4476;3.35245;6.0114;173.66;9999.00;
15/06/2019 07:11:21.398;100;-12829.552;5127.049;173.619;6.006;77.70;52;0.0258;303;0.000782336;62;1.3442;3.35240;6.0093;176.59;9999.00;
15/06/2019 07:11:51.404;100;-12829.552;5127.049;177.746;6.004;77.59;52;0.0258;312;0.000809840;63;1.4476;3.35228;6.0066;179.92;9999.00;
15/06/2019 07:12:21.412;100;-12829.552;5127.049;179.863;6.004;77.52;54;0.0516;353;0.000935136;63;1.4476;3.35238;6.0065;182.93;9999.00;
15/06/2019 07:12:51.418;100;-12829.552;5127.049;184.053;6.004;77.61;53;0.0387;350;0.000925968;62;1.3442;3.35261;6.0076;186.38;9999.00;
15/06/2019 07:13:21.424;118;-12829.552;5127.049;183.799;6.005;77.61;54;0.0516;302;0.000779280;62;1.3442;3.35265;6.0097;184.84;9999.00;
15/06/2019 07:13:51.430;118;-12829.552;5127.049;179.143;6.006;77.61;54;0.0516;302;0.000779280;62;1.3442;3.35245;6.0104;179.48;9999.00;
15/06/2019 07:14:21.438;117;-12829.552;5127.049;174.889;6.007;77.68;55;0.0645;290;0.000742608;62;1.3442;3.35226;6.0117;173.38;9999.00;
15/06/2019 07:14:51.445;117;-12829.552;5127.049;165.618;6.010;77.77;54;0.0516;279;0.000708992;63;1.4476;3.35219;6.0150;166.24;9999.00;
15/06/2019 07:15:21.452;117;-12829.552;5127.049;161.237;6.013;77.94;53;0.0387;277;0.000702880;63;1.4476;3.35204;6.0168;160.01;9999.00;
15/06/2019 07:15:51.467;117;-12829.552;5127.049;152.494;6.221;87.21;55;0.0645;152;0.000320880;64;1.5510;3.36559;6.1979;152.86;9999.00;
15/06/2019 07:16:21.474;117;-12829.552;5127.049;148.028;6.345;87.84;57;0.0903;150;0.000314768;62;1.3442;3.37668;6.3461;146.56;9999.00;
15/06/2019 07:16:51.481;117;-12829.552;5127.049;139.561;6.537;86.42;53;0.0387;186;0.000424784;62;1.3442;3.38663;6.5204;139.79;9999.00;
15/06/2019 07:17:21.486;117;-12829.552;5127.049;135.539;6.710;92.00;53;0.0387;193;0.000446176;61;1.2408;3.39633;6.6933;134.04;9999.00;
15/06/2019 07:17:51.495;117;-12829.552;5127.049;127.431;6.993;110.67;56;0.0774;158;0.000339216;63;1.4476;3.41256;7.0004;127.43;9999.00;
15/06/2019 07:18:21.503;117;-12829.552;5127.049;123.747;7.026;112.95;50;0.0000;145;0.000299488;60;1.1374;3.41455;7.0328;122.21;9999.00;
15/06/2019 07:18:51.512;117;-12829.552;5127.049;116.655;7.409;135.94;54;0.0516;134;0.000265872;59;1.0340;3.42553;7.3799;116.63;9999.00;
15/06/2019 07:19:21.519;117;-12829.552;5127.049;113.352;7.588;167.28;52;0.0258;132;0.000259760;61;1.2408;3.42878;7.5941;111.71;9999.00;
15/06/2019 07:19:51.526;117;-12829.552;5127.049;105.984;7.695;177.16;54;0.0516;125;0.000238368;61;1.2408;3.42752;7.6927;105.71;9999.00;
15/06/2019 07:20:21.532;117;-12829.552;5127.049;102.237;7.762;188.95;55;0.0645;133;0.000262816;58;0.9306;3.42631;7.7708;100.54;9999.00;
15/06/2019 07:20:51.539;117;-12829.552;5127.049;95.716;7.767;192.05;52;0.0258;127;0.000244480;60;1.1374;3.42484;7.7750;95.37;9999.00;
15/06/2019 07:21:21.557;117;-12829.552;5127.049;92.667;7.787;198.78;55;0.0645;127;0.000244480;60;1.1374;3.42376;7.7878;91.00;9999.00;
15/06/2019 07:21:51.563;117;-12829.552;5127.049;86.590;7.882;213.48;54;0.0516;124;0.000235312;61;1.2408;3.41826;7.8903;86.17;9999.00;
15/06/2019 07:22:21.571;117;-12829.552;5127.049;83.626;7.940;225.79;55;0.0645;126;0.000241424;61;1.2408;3.41330;7.9471;81.92;9999.00;
15/06/2019 07:22:51.577;117;-12829.552;5127.049;77.781;7.980;230.35;55;0.0645;133;0.000262816;62;1.3442;3.41328;7.9853;77.22;9999.00;
15/06/2019 07:23:21.578;117;-12829.552;5127.049;74.859;8.170;243.95;54;0.0516;123;0.000232256;61;1.2408;3.41616;8.1399;73.06;9999.00;
15/06/2019 07:23:51.591;117;-12829.552;5127.049;69.142;8.239;253.35;55;0.0645;126;0.000241424;59;1.0340;3.42022;8.2480;68.43;9999.00;
15/06/2019 07:24:21.598;117;-12829.552;5127.049;66.410;8.313;259.34;56;0.0774;124;0.000235312;61;1.2408;3.41920;8.3163;64.60;9999.00;
15/06/2019 07:24:51.604;117;-12829.552;5127.049;60.820;8.355;259.84;57;0.0903;123;0.000232256;60;1.1374;3.41901;8.3557;59.97;9999.00;
15/06/2019 07:25:21.611;117;-12829.552;5127.049;57.876;8.447;267.60;58;0.1032;127;0.000244480;61;1.2408;3.41969;8.4420;55.77;9999.00;
15/06/2019 07:25:51.618;117;-12829.552;5127.049;52.137;8.558;277.34;57;0.0903;127;0.000244480;60;1.1374;3.42308;8.5647;51.14;9999.00;
15/06/2019 07:26:21.625;117;-12829.552;5127.049;49.490;8.751;283.15;60;0.1290;224;0.000540912;61;1.2408;3.42989;8.7293;47.51;9999.00;
15/06/2019 07:26:51.632;117;-12829.552;5127.049;44.577;8.883;283.08;60;0.1290;138;0.000278096;63;1.4476;3.43777;8.8659;43.52;9999.00;
15/06/2019 07:27:21.637;117;-12829.552;5127.049;42.290;9.039;286.92;61;0.1419;134;0.000265872;61;1.2408;3.44774;9.0454;40.29;9999.00;
15/06/2019 07:27:51.645;117;-12829.552;5127.049;37.990;9.312;298.06;65;0.1935;146;0.000302544;60;1.1374;3.46464;9.3224;36.84;9999.00;
15/06/2019 07:28:21.651;117;-12829.552;5127.049;35.957;9.735;304.94;79;0.3741;162;0.000351440;60;1.1374;3.48739;9.6330;33.98;9999.00;
15/06/2019 07:28:51.659;117;-12829.552;5127.049;32.039;10.121;315.54;83;0.4257;161;0.000348384;62;1.3442;3.52200;10.1085;30.91;9999.00;
15/06/2019 07:29:21.667;117;-12829.552;5127.049;30.324;10.498;320.55;108;0.7482;250;0.000620368;62;1.3442;3.55210;10.5037;28.29;9999.00;
15/06/2019 07:29:51.675;117;-12829.552;5127.049;26.469;10.926;317.46;150;1.2900;256;0.000638704;62;1.3442;3.58479;10.9221;25.23;9999.00;
15/06/2019 07:30:21.684;117;-12829.552;5127.049;24.775;11.454;333.23;339;3.7281;437;0.001191840;66;1.7578;3.62938;11.4798;22.87;9999.00;
15/06/2019 07:30:51.690;117;-12829.552;5127.049;21.746;11.666;348.92;283;3.0057;438;0.001194896;65;1.6544;3.65311;11.7345;20.44;9999.00;
15/06/2019 07:31:21.697;117;-12829.552;5127.049;20.327;12.413;353.23;218;2.1672;452;0.001237680;66;1.7578;3.71421;12.4290;18.42;9999.00;
15/06/2019 07:31:51.706;117;-12829.552;5127.049;17.701;12.572;349.93;199;1.9221;412;0.001115440;61;1.2408;3.73167;12.6308;16.32;9999.00;
15/06/2019 07:32:21.712;117;-12829.552;5127.049;16.345;12.641;351.17;181;1.6899;407;0.001100160;64;1.5510;3.73399;12.6727;14.41;9999.00;
15/06/2019 07:32:51.719;117;-12829.552;5127.049;13.655;12.678;351.23;182;1.7028;573;0.001607456;62;1.3442;3.73438;12.6941;12.17;9999.00;
15/06/2019 07:33:21.872;117;-12829.552;5127.049;12.215;13.041;344.14;175;1.6125;388;0.001042096;60;1.1374;3.77201;13.1230;10.07;9999.00;
15/06/2019 07:33:51.876;117;-12829.552;5127.049;9.186;12.798;358.82;167;1.5093;337;0.000886240;65;1.6544;3.70104;12.8092;7.69;9999.00;
