PLD_REALTIMECLOCK;NAV_RESOURCE;NAV_LONGITUDE;NAV_LATITUDE;NAV_DEPTH;AROD_FT_TEMP;AROD_FT_DO;FLBBCD_CHL_COUNT;FLBBCD_CHL_SCALED;FLBBCD_BB_700_COUNT;FLBBCD_BB_700_SCALED;FLBBCD_CDOM_COUNT;FLBBCD_CDOM_SCALED;GPCTD_CONDUCTIVITY;GPCTD_TEMPERATURE;GPCTD_PRESSURE;GPCTD_DOF;
14/06/2019 13:27:34.484;117;-12823.116;5133.954;8.233;12.091;373.82;340;3.7410;434;0.001182672;64;1.5510;3.63721;12.1113;7.15;9999.00;
14/06/2019 13:28:04.490;110;-12823.116;5133.954;10.414;11.750;360.34;255;2.6445;352;0.000932080;63;1.4476;3.64729;11.8083;9.80;9999.00;
14/06/2019 13:28:34.496;100;-12823.116;5133.954;14.714;11.304;341.16;230;2.3220;299;0.000770112;64;1.5510;3.61931;11.3601;15.74;9999.00;
14/06/2019 13:29:04.504;100;-12823.116;5133.954;23.186;9.813;296.75;95;0.5805;178;0.000400336;61;1.2408;3.51680;10.0335;22.29;9999.00;
14/06/2019 13:29:34.512;100;-12823.116;5133.954;27.189;9.372;280.24;80;0.3870;146;0.000302544;63;1.4476;3.47096;9.3986;27.87;9999.00;
14/06/2019 13:30:04.517;100;-12823.116;5133.954;34.644;9.188;284.44;71;0.2709;159;0.000342272;61;1.2408;3.45492;9.1852;33.97;9999.00;
14/06/2019 13:30:34.525;100;-12823.116;5133.954;38.393;8.953;280.81;65;0.1935;132;0.000259760;61;1.2408;3.44079;9.0013;39.24;9999.00;
14/06/2019 13:31:04.532;100;-12823.116;5133.954;45.826;8.766;267.76;61;0.1419;127;0.000244480;63;1.4476;3.42773;8.7753;45.32;9999.00;
14/06/2019 13:31:34.539;100;-12823.116;5133.954;49.554;8.546;260.09;59;0.1161;119;0.000220032;62;1.3442;3.41606;8.5848;50.56;9999.00;
14/06/2019 13:32:04.547;100;-12823.116;5133.954;56.987;8.410;253.93;59;0.1161;112;0.000198640;62;1.3442;3.40579;8.4176;56.58;9999.00;
14/06/2019 13:32:34.554;100;-12823.116;5133.954;60.777;8.239;244.08;55;0.0645;133;0.000262816;62;1.3442;3.40259;8.2822;61.97;9999.00;
14/06/2019 13:33:04.559;100;-12823.116;5133.954;67.956;8.091;228.60;57;0.0903;114;0.000204752;63;1.4476;3.40078;8.1025;67.84;9999.00;
14/06/2019 13:33:34.566;100;-12823.116;5133.954;71.577;8.091;214.66;56;0.0774;114;0.000204752;62;1.3442;3.40708;8.0678;72.83;9999.00;
14/06/2019 13:34:04.575;100;-12823.116;5133.954;78.692;7.912;193.67;56;0.0774;123;0.000232256;63;1.4476;3.41835;7.9386;78.63;9999.00;
14/06/2019 13:34:34.581;100;-12823.116;5133.954;81.783;7.816;173.17;56;0.0774;142;0.000290320;61;1.2408;3.42550;7.8417;83.09;9999.00;
14/06/2019 13:35:04.588;100;-12823.116;5133.954;87.585;7.674;167.15;56;0.0774;129;0.000250592;64;1.5510;3.42656;7.6974;87.77;9999.00;
14/06/2019 13:35:34.594;100;-12823.116;5133.954;90.507;7.574;158.43;55;0.0645;127;0.000244480;61;1.2408;3.43034;7.5822;91.98;9999.00;
14/06/2019 13:36:04.601;100;-12823.116;5133.954;96.245;7.549;155.91;55;0.0645;127;0.000244480;62;1.3442;3.43129;7.5550;96.56;9999.00;
14/06/2019 13:36:34.608;100;-12823.116;5133.954;98.955;7.510;148.89;52;0.0258;128;0.000247536;61;1.2408;3.43177;7.5175;100.43;9999.00;
14/06/2019 13:37:04.614;100;-12823.116;5133.954;104.375;7.453;142.78;52;0.0258;125;0.000238368;62;1.3442;3.43171;7.4584;104.85;9999.00;
14/06/2019 13:37:34.621;100;-12823.116;5133.954;107.001;7.405;140.58;56;0.0774;131;0.000256704;61;1.2408;3.43089;7.4166;108.58;9999.00;
14/06/2019 13:38:04.638;100;-12823.116;5133.954;112.082;7.215;127.89;55;0.0645;154;0.000326992;63;1.4476;3.42364;7.2389;112.76;9999.00;
14/06/2019 13:38:34.644;100;-12823.116;5133.954;114.665;7.140;110.90;55;0.0645;178;0.000400336;61;1.2408;3.42144;7.1481;116.34;9999.00;
14/06/2019 13:39:04.651;100;-12823.116;5133.954;119.598;7.132;97.96;53;0.0387;170;0.000375888;61;1.2408;3.42219;7.1368;120.34;9999.00;
14/06/2019 13:39:34.657;100;-12823.116;5133.954;122.096;6.899;98.41;54;0.0516;230;0.000559248;62;1.3442;3.40995;6.8998;124.41;9999.00;
14/06/2019 13:40:04.664;100;-12823.116;5133.954;126.944;6.785;92.58;55;0.0645;252;0.000626480;61;1.2408;3.40450;6.8077;127.83;9999.00;
14/06/2019 13:40:34.671;100;-12823.116;5133.954;129.294;6.511;77.19;56;0.0774;282;0.000718160;63;1.4476;3.38962;6.5066;131.62;9999.00;
14/06/2019 13:41:04.677;100;-12823.116;5133.954;133.930;6.450;75.21;53;0.0387;310;0.000803728;61;1.2408;3.38595;6.4539;134.95;9999.00;
14/06/2019 13:41:34.684;100;-12823.116;5133.954;136.301;6.445;75.32;52;0.0258;303;0.000782336;62;1.3442;3.38524;6.4471;138.69;9999.00;
14/06/2019 13:42:04.692;100;-12823.116;5133.954;140.767;6.449;75.45;56;0.0774;297;0.000764000;63;1.4476;3.38540;6.4509;141.92;9999.00;
14/06/2019 13:42:34.697;100;-12823.116;5133.954;143.159;6.441;76.16;53;0.0387;272;0.000687600;63;1.4476;3.38523;6.4490;145.64;9999.00;
14/06/2019 13:43:04.710;100;-12823.116;5133.954;147.922;6.388;76.91;56;0.0774;307;0.000794560;63;1.4476;3.38341;6.4224;149.06;9999.00;
14/06/2019 13:43:34.716;100;-12823.116;5133.954;150.166;6.359;76.62;54;0.0516;311;0.000806784;60;1.1374;3.37907;6.3601;152.76;9999.00;
14/06/2019 13:44:04.723;100;-12823.116;5133.954;154.590;6.354;76.59;55;0.0645;312;0.000809840;62;1.3442;3.37884;6.3571;155.91;9999.00;
14/06/2019 13:44:34.729;118;-12823.116;5133.954;157.617;6.351;76.47;55;0.0645;317;0.000825120;60;1.1374;3.37878;6.3552;159.00;9999.00;
14/06/2019 13:45:04.736;118;-12823.116;5133.954;155.183;6.345;76.43;53;0.0387;321;0.000837344;62;1.3442;3.37802;6.3478;156.16;9999.00;
14/06/2019 13:45:34.743;118;-12823.116;5133.954;151.457;6.456;76.22;53;0.0387;281;0.000715104;62;1.3442;3.38515;6.4582;149.83;9999.00;
14/06/2019 13:46:04.749;117;-12823.116;5133.954;142.037;6.466;75.75;55;0.0645;272;0.000687600;60;1.1374;3.38555;6.4639;143.39;9999.00;
14/06/2019 13:46:34.756;117;-12823.116;5133.954;137.571;6.477;75.14;54;0.0516;288;0.000736496;64;1.5510;3.38643;6.4813;135.97;9999.00;
14/06/2019 13:47:04.762;117;-12823.116;5133.954;128.404;6.823;93.67;54;0.0516;231;0.000562304;60;1.1374;3.40063;6.7779;129.51;9999.00;
14/06/2019 13:47:34.769;117;-12823.116;5133.954;123.832;7.053;98.26;55;0.0645;173;0.000385056;62;1.3442;3.41608;7.0442;122.25;9999.00;
14/06/2019 13:48:04.775;117;-12823.116;5133.954;115.236;7.198;126.11;52;0.0258;167;0.000366720;59;1.0340;3.41992;7.1791;116.14;9999.00;
14/06/2019 13:48:34.782;117;-12823.116;5133.954;111.108;7.407;139.61;56;0.0774;140;0.000284208;61;1.2408;3.42876;7.4130;109.36;9999.00;
14/06/2019 13:49:04.788;117;-12823.116;5133.954;102.576;7.486;142.76;52;0.0258;136;0.000271984;62;1.3442;3.43003;7.4808;103.27;9999.00;
14/06/2019 13:49:34.796;117;-12823.116;5133.954;98.553;7.547;150.61;55;0.0645;128;0.000247536;61;1.2408;3.42992;7.5519;96.82;9999.00;
14/06/2019 13:50:04.800;117;-12823.116;5133.954;91.015;7.578;156.72;53;0.0387;127;0.000244480;60;1.1374;3.42878;7.5776;91.42;9999.00;
14/06/2019 13:50:34.809;117;-12823.116;5133.954;87.437;7.672;162.24;52;0.0258;123;0.000232256;60;1.1374;3.42532;7.6753;85.72;9999.00;
14/06/2019 13:51:04.818;117;-12823.116;5133.954;80.555;7.851;179.90;53;0.0387;126;0.000241424;60;1.1374;3.42008;7.8466;80.89;9999.00;
14/06/2019 13:51:34.825;117;-12823.116;5133.954;77.061;7.948;192.96;56;0.0774;122;0.000229200;60;1.1374;3.41555;7.9534;75.11;9999.00;
14/06/2019 13:52:04.831;117;-12823.116;5133.954;70.688;8.035;203.42;54;0.0516;119;0.000220032;60;1.1374;3.41211;8.0371;70.69;9999.00;
14/06/2019 13:52:34.838;117;-12823.116;5133.954;67.787;8.092;223.86;56;0.0774;127;0.000244480;62;1.3442;3.40002;8.0988;66.02;9999.00;
14/06/2019 13:53:04.843;117;-12823.116;5133.954;62.239;8.140;241.20;58;0.1032;116;0.000210864;62;1.3442;3.39485;8.1415;62.14;9999.00;
14/06/2019 13:53:34.851;117;-12823.116;5133.954;59.210;8.353;247.20;57;0.0903;114;0.000204752;60;1.1374;3.40259;8.3552;57.26;9999.00;
14/06/2019 13:54:04.859;117;-12823.116;5133.954;53.450;8.428;250.39;58;0.1032;244;0.000602032;59;1.0340;3.40465;8.4276;53.20;9999.00;
14/06/2019 13:54:34.864;117;-12823.116;5133.954;50.867;8.571;258.80;61;0.1419;118;0.000216976;63;1.4476;3.41043;8.5625;49.05;9999.00;
14/06/2019 13:55:04.871;117;-12823.116;5133.954;45.805;8.721;264.61;61;0.1419;126;0.000241424;63;1.4476;3.42001;8.7240;45.39;9999.00;
14/06/2019 13:55:34.878;117;-12823.116;5133.954;43.264;8.851;271.39;63;0.1677;123;0.000232256;63;1.4476;3.42758;8.8522;41.16;9999.00;
14/06/2019 13:56:04.886;117;-12823.116;5133.954;38.033;8.980;276.10;66;0.2064;156;0.000333104;63;1.4476;3.43638;8.9864;37.53;9999.00;
14/06/2019 13:56:34.892;117;-12823.116;5133.954;35.534;9.190;280.21;69;0.2451;134;0.000265872;61;1.2408;3.45132;9.2050;33.56;9999.00;
14/06/2019 13:57:04.901;117;-12823.116;5133.954;30.980;9.420;282.00;84;0.4386;147;0.000305600;63;1.4476;3.46507;9.4115;30.31;9999.00;
14/06/2019 13:57:34.906;117;-12823.116;5133.954;28.778;9.525;282.56;84;0.4386;173;0.000385056;64;1.5510;3.47411;9.5366;26.69;9999.00;
14/06/2019 13:58:04.923;117;-12823.116;5133.954;24.372;10.298;307.10;145;1.2255;227;0.000550080;64;1.5510;3.52108;10.1801;23.58;9999.00;
14/06/2019 13:58:34.930;117;-12823.116;5133.954;22.275;11.206;332.25;234;2.3736;299;0.000770112;62;1.3442;3.60792;11.2645;20.28;9999.00;
14/06/2019 13:59:04.937;117;-12823.116;5133.954;18.527;11.463;339.48;303;3.2637;356;0.000944304;64;1.5510;3.62762;11.4795;17.63;9999.00;
14/06/2019 13:59:34.945;117;-12823.116;5133.954;16.769;11.609;342.29;309;3.3411;383;0.001026816;66;1.7578;3.63884;11.6381;14.61;9999.00;
14/06/2019 14:00:04.953;117;-12823.116;5133.954;13.083;12.069;351.52;189;1.7931;382;0.001023760;64;1.5510;3.67749;12.0496;12.04;9999.00;
14/06/2019 14:00:34.958;117;-12823.116;5133.954;11.389;12.089;363.76;260;2.7090;360;0.000956528;60;1.1374;3.65949;12.0993;9.31;9999.00;
