PLD_REALTIMECLOCK;NAV_RESOURCE;NAV_LONGITUDE;NAV_LATITUDE;NAV_DEPTH;AROD_FT_TEMP;AROD_FT_DO;FLBBCD_CHL_COUNT;FLBBCD_CHL_SCALED;FLBBCD_BB_700_COUNT;FLBBCD_BB_700_SCALED;FLBBCD_CDOM_COUNT;FLBBCD_CDOM_SCALED;GPCTD_CONDUCTIVITY;GPCTD_TEMPERATURE;GPCTD_PRESSURE;GPCTD_DOF;
15/06/2019 17:13:00.327;117;-12837.241;5123.616;8.000;12.868;330.91;94;0.5676;268;0.000675376;61;1.2408;3.75863;12.8886;6.11;9999.00;
15/06/2019 17:13:30.674;115;-12837.241;5123.616;3.912;12.818;329.06;79;0.3741;257;0.000641760;63;1.4476;3.75895;12.8810;5.76;9999.00;
15/06/2019 17:14:00.684;116;-12837.241;5123.616;1.370;12.942;330.54;71;0.2709;257;0.000641760;61;1.2408;3.76642;12.9661;0.48;9999.00;
15/06/2019 17:14:30.601;116;-12837.567;5123.664;1.391;12.955;331.24;76;0.3354;249;0.000617312;62;1.3442;3.76683;12.9668;0.61;9999.00;
15/06/2019 17:15:00.608;116;-12837.565;5123.665;1.391;12.957;331.29;67;0.2193;253;0.000629536;61;1.2408;3.76685;12.9592;0.74;9999.00;
15/06/2019 17:15:30.615;116;-12837.563;5123.664;1.327;12.967;331.06;77;0.3483;244;0.000602032;57;0.8272;3.76788;12.9701;0.63;9999.00;
15/06/2019 17:16:00.622;116;-12837.563;5123.664;1.327;12.976;330.97;72;0.2838;255;0.000635648;55;0.6204;3.76762;12.9696;0.56;9999.00;
15/06/2019 17:16:30.629;116;-12837.556;5123.661;1.349;12.982;331.35;69;0.2451;261;0.000653984;63;1.4476;3.76718;12.9663;0.69;9999.00;
15/06/2019 17:17:00.635;116;-12837.553;5123.661;1.391;12.970;331.54;73;0.2967;261;0.000653984;56;0.7238;3.76776;12.9724;0.68;9999.00;
15/06/2019 17:17:30.642;116;-12837.540;5123.679;1.327;12.973;331.49;74;0.3096;255;0.000635648;60;1.1374;3.76815;12.9781;0.58;9999.00;
15/06/2019 17:18:00.651;116;-12837.535;5123.692;1.370;12.977;331.39;69;0.2451;269;0.000678432;67;1.8612;3.76761;12.9683;0.62;9999.00;
15/06/2019 17:18:30.658;116;-12837.541;5123.671;1.327;12.975;331.65;71;0.2709;302;0.000779280;63;1.4476;3.76821;12.9758;0.66;9999.00;
15/06/2019 17:19:00.665;116;-12837.541;5123.671;1.327;12.972;331.53;73;0.2967;245;0.000605088;57;0.8272;3.76698;12.9595;0.62;9999.00;
15/06/2019 17:19:30.671;116;-12837.630;5123.647;1.370;12.960;331.76;75;0.3225;245;0.000605088;65;1.6544;3.76644;12.9559;0.62;9999.00;
15/06/2019 17:20:00.678;116;-12837.631;5123.647;1.349;12.981;331.26;74;0.3096;251;0.000623424;58;0.9306;3.76669;12.9588;0.64;9999.00;
15/06/2019 17:20:30.684;116;-12837.631;5123.647;1.306;12.972;331.77;72;0.2838;248;0.000614256;56;0.7238;3.76693;12.9614;0.59;9999.00;
15/06/2019 17:21:00.691;116;-12837.641;5123.650;1.391;12.972;331.63;70;0.2580;252;0.000626480;61;1.2408;3.76656;12.9580;0.57;9999.00;
15/06/2019 17:21:30.698;116;-12837.607;5123.650;1.391;12.985;331.36;68;0.2322;253;0.000629536;62;1.3442;3.76804;12.9735;0.67;9999.00;
15/06/2019 17:22:00.705;116;-12837.620;5123.646;1.349;12.979;331.68;72;0.2838;244;0.000602032;68;1.9646;3.76817;12.9742;0.57;9999.00;
15/06/2019 17:22:30.712;116;-12837.620;5123.646;1.349;12.970;331.54;71;0.2709;240;0.000589808;63;1.4476;3.76668;12.9576;0.61;9999.00;
15/06/2019 17:23:00.717;116;-12837.535;5123.651;1.370;12.980;331.70;71;0.2709;255;0.000635648;67;1.8612;3.76790;12.9747;0.57;9999.00;
15/06/2019 17:23:30.725;116;-12837.528;5123.650;1.412;12.984;331.65;69;0.2451;245;0.000605088;58;0.9306;3.76918;12.9874;0.62;9999.00;
15/06/2019 17:24:00.733;116;-12837.495;5123.657;1.391;12.981;331.61;67;0.2193;250;0.000620368;60;1.1374;3.76966;12.9973;0.61;9999.00;
15/06/2019 17:24:30.741;110;-12837.493;5123.648;1.624;12.990;331.73;72;0.2838;269;0.000678432;56;0.7238;3.76691;12.9586;1.09;9999.00;
15/06/2019 17:25:00.746;110;-12837.493;5123.648;3.933;12.889;331.84;83;0.4257;268;0.000675376;60;1.1374;3.76172;12.8955;4.39;9999.00;
15/06/2019 17:25:30.753;110;-12837.493;5123.648;8.995;12.319;337.81;136;1.1094;258;0.000644816;62;1.3442;3.71881;12.4012;10.94;9999.00;
15/06/2019 17:26:00.761;100;-12837.493;5123.648;18.378;11.072;330.38;121;0.9159;205;0.000482848;63;1.4476;3.63193;11.3601;18.05;9999.00;
15/06/2019 17:26:30.767;100;-12837.493;5123.648;22.339;10.066;307.75;84;0.4386;164;0.000357552;61;1.2408;3.53892;10.1319;23.75;9999.00;
15/06/2019 17:27:00.774;100;-12837.493;5123.648;30.578;9.478;291.60;80;0.3870;143;0.000293376;64;1.5510;3.49054;9.4895;30.38;9999.00;
15/06/2019 17:27:30.784;100;-12837.493;5123.648;34.263;9.305;289.44;90;0.5160;159;0.000342272;61;1.2408;3.47917;9.3290;35.69;9999.00;
15/06/2019 17:28:00.791;100;-12837.493;5123.648;41.739;9.117;283.84;65;0.1935;145;0.000299488;62;1.3442;3.46487;9.1218;41.77;9999.00;
15/06/2019 17:28:30.796;100;-12837.493;5123.648;45.509;9.099;282.07;67;0.2193;144;0.000296432;62;1.3442;3.46426;9.1104;47.06;9999.00;
15/06/2019 17:29:00.803;100;-12837.493;5123.648;52.857;8.870;278.01;63;0.1677;152;0.000320880;60;1.1374;3.45168;8.9256;53.03;9999.00;
15/06/2019 17:29:30.809;100;-12837.493;5123.648;56.563;8.670;269.62;62;0.1548;135;0.000268928;60;1.1374;3.43756;8.6795;58.34;9999.00;
15/06/2019 17:30:00.815;100;-12837.493;5123.648;63.996;8.571;266.55;58;0.1032;145;0.000299488;62;1.3442;3.43303;8.5799;64.29;9999.00;
15/06/2019 17:30:30.822;100;-12837.493;5123.648;67.554;8.415;258.17;60;0.1290;125;0.000238368;62;1.3442;3.42235;8.4222;69.29;9999.00;
15/06/2019 17:31:00.830;100;-12837.493;5123.648;74.372;8.248;253.57;55;0.0645;115;0.000207808;59;1.0340;3.41714;8.2781;74.82;9999.00;
15/06/2019 17:31:30.836;100;-12837.493;5123.648;77.739;8.021;219.09;54;0.0516;115;0.000207808;60;1.1374;3.42262;8.0632;79.67;9999.00;
15/06/2019 17:32:00.842;100;-12837.493;5123.648;83.985;7.925;202.85;52;0.0258;119;0.000220032;61;1.2408;3.42729;7.9335;84.57;9999.00;
15/06/2019 17:32:30.847;100;-12837.493;5123.648;86.929;7.805;185.25;56;0.0774;128;0.000247536;63;1.4476;3.42990;7.8121;88.92;9999.00;
15/06/2019 17:33:00.854;100;-12837.493;5123.648;92.984;7.779;181.57;55;0.0645;124;0.000235312;62;1.3442;3.43011;7.7825;93.70;9999.00;
15/06/2019 17:33:30.861;100;-12837.493;5123.648;95.694;7.751;178.75;54;0.0516;170;0.000375888;60;1.1374;3.43020;7.7576;97.56;9999.00;
15/06/2019 17:34:00.869;100;-12837.493;5123.648;101.136;7.711;175.73;54;0.0516;125;0.000238368;61;1.2408;3.43041;7.7150;101.99;9999.00;
15/06/2019 17:34:30.876;100;-12837.493;5123.648;103.825;7.664;170.22;55;0.0645;121;0.000226144;61;1.2408;3.43107;7.6802;105.96;9999.00;
15/06/2019 17:35:00.882;100;-12837.493;5123.648;109.605;7.623;167.75;55;0.0645;129;0.000250592;61;1.2408;3.43118;7.6292;110.58;9999.00;
15/06/2019 17:35:30.888;100;-12837.493;5123.648;112.272;7.497;157.02;54;0.0516;128;0.000247536;59;1.0340;3.42933;7.5115;114.41;9999.00;
15/06/2019 17:36:00.894;100;-12837.493;5123.648;117.480;7.372;146.00;55;0.0645;146;0.000302544;63;1.4476;3.42688;7.3780;118.66;9999.00;
15/06/2019 17:36:30.907;100;-12837.493;5123.648;120.063;7.340;142.65;56;0.0774;135;0.000268928;60;1.1374;3.42607;7.3416;122.16;9999.00;
15/06/2019 17:37:00.914;100;-12837.493;5123.648;124.763;7.261;139.24;52;0.0258;141;0.000287264;63;1.4476;3.42507;7.3128;126.04;9999.00;
15/06/2019 17:37:30.920;100;-12837.493;5123.648;126.944;6.977;118.74;54;0.0516;228;0.000553136;62;1.3442;3.41742;7.0385;129.10;9999.00;
15/06/2019 17:38:00.927;100;-12837.493;5123.648;131.453;6.953;114.75;53;0.0387;142;0.000290320;63;1.4476;3.41696;6.9531;132.83;9999.00;
15/06/2019 17:38:30.934;100;-12837.493;5123.648;133.887;6.882;112.22;52;0.0258;136;0.000271984;63;1.4476;3.41559;6.9186;136.17;9999.00;
15/06/2019 17:39:00.943;100;-12837.493;5123.648;138.545;6.872;111.27;53;0.0387;131;0.000256704;59;1.0340;3.41271;6.8745;139.97;9999.00;
15/06/2019 17:39:30.949;100;-12837.493;5123.648;140.915;6.820;110.57;55;0.0645;140;0.000284208;60;1.1374;3.41057;6.8477;143.31;9999.00;
15/06/2019 17:40:00.954;100;-12837.493;5123.648;145.594;6.720;105.59;53;0.0387;139;0.000281152;62;1.3442;3.40466;6.7265;147.11;9999.00;
15/06/2019 17:40:30.960;100;-12837.493;5123.648;147.901;6.697;104.37;54;0.0516;142;0.000290320;62;1.3442;3.40275;6.7021;150.83;9999.00;
15/06/2019 17:41:00.967;100;-12837.493;5123.648;152.325;6.547;97.41;51;0.0129;150;0.000314768;62;1.3442;3.39298;6.5458;153.97;9999.00;
15/06/2019 17:41:30.975;100;-12837.493;5123.648;154.590;6.521;96.52;53;0.0387;152;0.000320880;61;1.2408;3.39106;6.5228;157.56;9999.00;
15/06/2019 17:42:00.982;100;-12837.493;5123.648;159.014;6.480;95.33;52;0.0258;149;0.000311712;63;1.4476;3.38942;6.4902;160.75;9999.00;
15/06/2019 17:42:30.986;100;-12837.493;5123.648;161.342;6.360;88.83;52;0.0258;192;0.000443120;62;1.3442;3.38032;6.3602;164.39;9999.00;
15/06/2019 17:43:00.996;100;-12837.493;5123.648;165.597;6.348;88.05;55;0.0645;186;0.000424784;62;1.3442;3.37931;6.3497;167.48;9999.00;
15/06/2019 17:43:31.003;100;-12837.493;5123.648;167.777;6.283;86.23;55;0.0645;175;0.000391168;64;1.5510;3.37421;6.2831;170.98;9999.00;
15/06/2019 17:44:01.011;100;-12837.493;5123.648;172.074;6.217;85.29;53;0.0387;188;0.000430896;63;1.4476;3.37043;6.2336;174.04;9999.00;
15/06/2019 17:44:31.026;100;-12837.493;5123.648;174.190;6.135;83.61;55;0.0645;210;0.000498128;61;1.2408;3.36326;6.1397;177.41;9999.00;
15/06/2019 17:45:01.032;100;-12837.493;5123.648;178.212;6.104;82.60;55;0.0645;214;0.000510352;62;1.3442;3.36078;6.1090;180.31;9999.00;
15/06/2019 17:45:31.039;100;-12837.493;5123.648;180.286;6.074;81.61;52;0.0258;239;0.000586752;63;1.4476;3.35823;6.0757;183.58;9999.00;
15/06/2019 17:46:01.045;100;-12837.493;5123.648;184.307;6.056;81.01;55;0.0645;243;0.000598976;63;1.4476;3.35694;6.0591;186.41;9999.00;
15/06/2019 17:46:31.052;100;-12837.493;5123.648;186.212;6.043;80.59;55;0.0645;286;0.000730384;64;1.5510;3.35596;6.0457;189.59;9999.00;
15/06/2019 17:47:01.057;100;-12837.493;5123.648;190.149;6.042;80.31;53;0.0387;262;0.000657040;63;1.4476;3.35596;6.0456;192.36;9999.00;
15/06/2019 17:47:31.065;100;-12837.493;5123.648;192.138;6.040;80.15;55;0.0645;272;0.000687600;61;1.2408;3.35585;6.0430;195.59;9999.00;
15/06/2019 17:48:01.072;118;-12837.493;5123.648;194.614;6.038;80.14;56;0.0774;258;0.000644816;61;1.2408;3.35576;6.0425;195.77;9999.00;
15/06/2019 17:48:31.077;118;-12837.493;5123.648;190.847;6.040;80.22;52;0.0258;249;0.000617312;63;1.4476;3.35563;6.0443;191.21;9999.00;
15/06/2019 17:49:01.083;117;-12837.493;5123.648;184.561;6.065;80.95;53;0.0387;225;0.000543968;62;1.3442;3.35686;6.0647;185.11;9999.00;
15/06/2019 17:49:31.090;117;-12837.493;5123.648;179.439;6.142;82.99;54;0.0516;195;0.000452288;62;1.3442;3.36290;6.1502;177.65;9999.00;
15/06/2019 17:50:01.098;117;-12837.493;5123.648;170.380;6.315;86.13;51;0.0129;168;0.000369776;61;1.2408;3.37495;6.3086;171.25;9999.00;
15/06/2019 17:50:31.105;117;-12837.493;5123.648;166.041;6.488;95.17;53;0.0387;146;0.000302544;60;1.1374;3.38716;6.4899;164.22;9999.00;
15/06/2019 17:51:01.121;117;-12837.493;5123.648;157.659;6.524;96.48;53;0.0387;234;0.000571472;64;1.5510;3.39019;6.5284;158.28;9999.00;
15/06/2019 17:51:31.126;117;-12837.493;5123.648;153.680;6.663;102.32;54;0.0516;142;0.000290320;58;0.9306;3.39892;6.6669;151.65;9999.00;
15/06/2019 17:52:01.134;117;-12837.493;5123.648;145.043;6.793;107.00;56;0.0774;142;0.000290320;62;1.3442;3.40458;6.7559;145.53;9999.00;
15/06/2019 17:52:31.140;117;-12837.493;5123.648;140.810;6.914;111.97;53;0.0387;140;0.000284208;61;1.2408;3.41229;6.9052;138.57;9999.00;
15/06/2019 17:53:01.147;117;-12837.493;5123.648;132.596;6.966;115.82;55;0.0645;134;0.000265872;61;1.2408;3.41539;6.9739;132.86;9999.00;
15/06/2019 17:53:31.152;117;-12837.493;5123.648;128.680;7.274;137.46;52;0.0258;138;0.000278096;61;1.2408;3.42213;7.2829;126.57;9999.00;
15/06/2019 17:54:01.159;117;-12837.493;5123.648;120.762;7.355;142.46;54;0.0516;129;0.000250592;62;1.3442;3.42470;7.3589;120.89;9999.00;
15/06/2019 17:54:31.166;117;-12837.493;5123.648;116.803;7.515;156.46;53;0.0387;142;0.000290320;60;1.1374;3.42713;7.5020;114.57;9999.00;
15/06/2019 17:55:01.172;117;-12837.493;5123.648;109.562;7.677;171.06;54;0.0516;125;0.000238368;62;1.3442;3.43003;7.6846;109.52;9999.00;
15/06/2019 17:55:31.178;117;-12837.493;5123.648;106.217;7.712;175.45;53;0.0387;126;0.000241424;60;1.1374;3.42930;7.7179;104.11;9999.00;
15/06/2019 17:56:01.184;117;-12837.493;5123.648;99.823;7.779;181.51;54;0.0516;124;0.000235312;62;1.3442;3.42855;7.7874;99.64;9999.00;
15/06/2019 17:56:31.190;117;-12837.493;5123.648;96.690;7.804;183.47;55;0.0645;122;0.000229200;60;1.1374;3.42832;7.8115;94.59;9999.00;
15/06/2019 17:57:01.195;117;-12837.493;5123.648;90.486;7.838;188.47;52;0.0258;128;0.000247536;62;1.3442;3.42786;7.8406;90.14;9999.00;
15/06/2019 17:57:31.203;117;-12837.493;5123.648;87.352;7.973;208.48;53;0.0387;123;0.000232256;58;0.9306;3.42307;7.9854;85.19;9999.00;
15/06/2019 17:58:01.213;117;-12837.493;5123.648;81.614;8.045;218.65;55;0.0645;125;0.000238368;61;1.2408;3.42143;8.0374;81.23;9999.00;
15/06/2019 17:58:31.219;117;-12837.493;5123.648;78.798;8.170;239.53;57;0.0903;116;0.000210864;61;1.2408;3.41577;8.1787;76.79;9999.00;
15/06/2019 17:59:01.226;117;-12837.493;5123.648;73.546;8.306;250.55;55;0.0645;124;0.000235312;62;1.3442;3.41631;8.3023;73.01;9999.00;
15/06/2019 17:59:31.235;117;-12837.493;5123.648;70.963;8.362;253.53;58;0.1032;129;0.000250592;60;1.1374;3.41829;8.3674;68.82;9999.00;
15/06/2019 18:00:01.241;117;-12837.493;5123.648;65.817;8.438;256.51;57;0.0903;134;0.000265872;63;1.4476;3.42079;8.4175;65.15;9999.00;
15/06/2019 18:00:31.250;117;-12837.493;5123.648;63.340;8.589;264.84;57;0.0903;138;0.000278096;63;1.4476;3.43137;8.5979;61.20;9999.00;
15/06/2019 18:01:01.255;117;-12837.493;5123.648;58.596;8.691;269.62;55;0.0645;133;0.000262816;61;1.2408;3.43570;8.6959;57.85;9999.00;
15/06/2019 18:01:31.262;117;-12837.493;5123.648;56.394;8.804;272.05;58;0.1032;143;0.000293376;63;1.4476;3.44232;8.8105;54.27;9999.00;
15/06/2019 18:02:01.270;117;-12837.493;5123.648;52.222;8.931;276.22;62;0.1548;141;0.000287264;62;1.3442;3.44989;8.9392;51.29;9999.00;
15/06/2019 18:02:31.278;117;-12837.493;5123.648;49.998;9.041;279.57;62;0.1548;150;0.000314768;64;1.5510;3.45706;9.0482;47.90;9999.00;
15/06/2019 18:03:01.285;117;-12837.493;5123.648;45.911;9.099;281.29;67;0.2193;140;0.000284208;63;1.4476;3.46095;9.1067;44.92;9999.00;
15/06/2019 18:03:31.291;117;-12837.493;5123.648;43.751;9.113;282.48;65;0.1935;144;0.000296432;64;1.5510;3.46120;9.1176;41.47;9999.00;
15/06/2019 18:04:01.299;117;-12837.493;5123.648;39.600;9.221;285.51;69;0.2451;156;0.000333104;62;1.3442;3.46838;9.2274;38.56;9999.00;
15/06/2019 18:04:31.304;117;-12837.493;5123.648;37.673;9.317;287.60;70;0.2580;153;0.000323936;62;1.3442;3.47456;9.3192;35.41;9999.00;
15/06/2019 18:05:01.312;117;-12837.493;5123.648;33.797;9.442;291.24;74;0.3096;150;0.000314768;59;1.0340;3.48371;9.4515;32.65;9999.00;
15/06/2019 18:05:31.319;117;-12837.493;5123.648;31.827;9.514;289.49;75;0.3225;158;0.000339216;63;1.4476;3.48721;9.5187;29.36;9999.00;
15/06/2019 18:06:01.327;117;-12837.493;5123.648;27.761;9.820;296.22;80;0.3870;163;0.000354496;66;1.7578;3.50915;9.8110;26.49;9999.00;
15/06/2019 18:06:31.334;117;-12837.493;5123.648;25.728;9.975;302.26;83;0.4257;202;0.000473680;61;1.2408;3.52132;9.9745;23.26;9999.00;
15/06/2019 18:07:01.341;117;-12837.493;5123.648;21.704;10.061;303.81;92;0.5418;167;0.000366720;60;1.1374;3.52684;10.0533;20.37;9999.00;
15/06/2019 18:07:31.348;117;-12837.493;5123.648;19.670;10.449;311.02;119;0.8901;185;0.000421728;60;1.1374;3.52157;10.2752;17.14;9999.00;
15/06/2019 18:08:01.355;117;-12837.493;5123.648;16.070;11.382;326.53;161;1.4319;213;0.000507296;60;1.1374;3.62355;11.3601;14.70;9999.00;
15/06/2019 18:08:31.361;117;-12837.493;5123.648;14.375;11.609;330.50;142;1.1868;220;0.000528688;65;1.6544;3.64690;11.6382;11.87;9999.00;
15/06/2019 18:09:01.369;117;-12837.493;5123.648;10.690;12.103;335.72;123;0.9417;261;0.000653984;62;1.3442;3.68490;12.0793;9.25;9999.00;
