PLD_REALTIMECLOCK;NAV_RESOURCE;NAV_LONGITUDE;NAV_LATITUDE;NAV_DEPTH;AROD_FT_TEMP;AROD_FT_DO;FLBBCD_CHL_COUNT;FLBBCD_CHL_SCALED;FLBBCD_BB_700_COUNT;FLBBCD_BB_700_SCALED;FLBBCD_CDOM_COUNT;FLBBCD_CDOM_SCALED;GPCTD_CONDUCTIVITY;GPCTD_TEMPERATURE;GPCTD_PRESSURE;GPCTD_DOF;
15/06/2019 14:13:27.762;117;-12835.989;5123.906;7.894;12.546;336.39;110;0.7740;267;0.000672320;60;1.1374;3.73039;12.5643;6.17;9999.00;
15/06/2019 14:13:57.768;110;-12835.989;5123.906;9.906;12.350;337.05;123;0.9417;272;0.000687600;62;1.3442;3.71219;12.4869;9.61;9999.00;
15/06/2019 14:14:27.775;100;-12835.989;5123.906;14.121;11.442;331.50;114;0.8256;186;0.000424784;62;1.3442;3.63734;11.4606;16.29;9999.00;
15/06/2019 14:14:57.782;100;-12835.989;5123.906;22.826;11.372;329.38;114;0.8256;186;0.000424784;61;1.2408;3.63123;11.3903;22.35;9999.00;
15/06/2019 14:15:27.789;100;-12835.989;5123.906;27.126;10.078;308.00;83;0.4257;176;0.000394224;63;1.4476;3.53731;10.0919;29.26;9999.00;
15/06/2019 14:15:57.796;100;-12835.989;5123.906;34.941;9.527;292.22;71;0.2709;160;0.000345328;62;1.3442;3.49915;9.5924;34.66;9999.00;
15/06/2019 14:16:27.802;100;-12835.989;5123.906;38.478;9.391;290.97;78;0.3612;152;0.000320880;63;1.4476;3.48308;9.3926;40.41;9999.00;
15/06/2019 14:16:57.809;100;-12835.989;5123.906;45.826;9.315;290.73;70;0.2580;163;0.000354496;62;1.3442;3.47973;9.3333;45.70;9999.00;
15/06/2019 14:17:27.816;100;-12835.989;5123.906;49.638;9.103;285.19;65;0.1935;148;0.000308656;62;1.3442;3.46415;9.1097;51.75;9999.00;
15/06/2019 14:17:57.825;100;-12835.989;5123.906;56.923;8.936;279.24;61;0.1419;140;0.000284208;61;1.2408;3.45483;8.9671;56.94;9999.00;
15/06/2019 14:18:27.835;100;-12835.989;5123.906;60.608;8.774;273.38;64;0.1806;137;0.000275040;61;1.2408;3.44308;8.7786;62.81;9999.00;
15/06/2019 14:18:57.841;100;-12835.989;5123.906;67.893;8.681;270.10;60;0.1290;180;0.000406448;63;1.4476;3.43766;8.6831;68.11;9999.00;
15/06/2019 14:19:27.848;100;-12835.989;5123.906;71.662;8.629;267.89;58;0.1032;137;0.000275040;62;1.3442;3.43518;8.6392;74.12;9999.00;
15/06/2019 14:19:57.856;100;-12835.989;5123.906;78.946;8.403;258.14;56;0.0774;123;0.000232256;61;1.2408;3.42397;8.4330;79.26;9999.00;
15/06/2019 14:20:27.863;100;-12835.989;5123.906;82.143;8.233;251.18;56;0.0774;125;0.000238368;59;1.0340;3.41770;8.2483;84.51;9999.00;
15/06/2019 14:20:57.869;100;-12835.989;5123.906;88.538;8.164;240.86;54;0.0516;123;0.000232256;61;1.2408;3.41817;8.1652;89.01;9999.00;
15/06/2019 14:21:27.876;100;-12835.989;5123.906;91.777;8.092;228.73;55;0.0645;112;0.000198640;61;1.2408;3.42127;8.0950;94.39;9999.00;
15/06/2019 14:21:57.884;100;-12835.989;5123.906;98.383;8.027;219.78;56;0.0774;112;0.000198640;60;1.1374;3.42284;8.0566;99.06;9999.00;
15/06/2019 14:22:27.890;118;-12835.989;5123.906;103.105;7.929;201.01;53;0.0387;117;0.000213920;63;1.4476;3.42860;7.9289;103.50;9999.00;
15/06/2019 14:22:57.898;118;-12835.989;5123.906;101.475;7.989;209.41;55;0.0645;118;0.000216976;61;1.2408;3.42627;7.9724;101.17;9999.00;
15/06/2019 14:23:27.913;118;-12835.989;5123.906;99.019;8.062;222.26;53;0.0387;114;0.000204752;61;1.2408;3.42168;8.0683;97.02;9999.00;
15/06/2019 14:23:57.921;117;-12835.989;5123.906;93.344;8.108;229.35;56;0.0774;124;0.000235312;60;1.1374;3.41991;8.1078;93.09;9999.00;
15/06/2019 14:24:27.928;117;-12835.989;5123.906;90.528;8.158;238.31;50;0.0000;116;0.000210864;60;1.1374;3.41717;8.1639;88.66;9999.00;
15/06/2019 14:24:57.934;117;-12835.989;5123.906;85.192;8.201;245.51;53;0.0387;123;0.000232256;57;0.8272;3.41580;8.2040;84.86;9999.00;
15/06/2019 14:25:27.941;117;-12835.989;5123.906;82.313;8.351;254.06;58;0.1032;137;0.000275040;60;1.1374;3.41808;8.3525;80.11;9999.00;
15/06/2019 14:25:57.947;117;-12835.989;5123.906;76.236;8.624;264.97;60;0.1290;141;0.000287264;60;1.1374;3.43162;8.6091;75.87;9999.00;
15/06/2019 14:26:27.953;117;-12835.989;5123.906;73.758;8.656;268.23;60;0.1290;142;0.000290320;58;0.9306;3.43498;8.6634;71.76;9999.00;
15/06/2019 14:26:57.959;117;-12835.989;5123.906;68.909;8.676;269.05;60;0.1290;140;0.000284208;60;1.1374;3.43626;8.6819;68.38;9999.00;
15/06/2019 14:27:27.966;117;-12835.989;5123.906;66.516;8.745;270.72;59;0.1161;146;0.000302544;62;1.3442;3.43933;8.7497;64.53;9999.00;
15/06/2019 14:27:57.974;117;-12835.989;5123.906;61.815;8.836;274.16;65;0.1935;147;0.000305600;61;1.2408;3.44503;8.8397;61.23;9999.00;
15/06/2019 14:28:27.980;117;-12835.989;5123.906;59.486;8.952;277.41;66;0.2064;150;0.000314768;62;1.3442;3.45191;8.9568;57.35;9999.00;
15/06/2019 14:28:57.987;117;-12835.989;5123.906;54.615;9.066;280.62;66;0.2064;147;0.000305600;62;1.3442;3.45959;9.0754;53.87;9999.00;
15/06/2019 14:29:27.995;117;-12835.989;5123.906;52.095;9.152;284.30;64;0.1806;157;0.000336160;62;1.3442;3.46447;9.1589;49.83;9999.00;
15/06/2019 14:29:58.001;117;-12835.989;5123.906;47.118;9.292;287.94;70;0.2580;158;0.000339216;60;1.1374;3.47384;9.2949;46.27;9999.00;
15/06/2019 14:30:28.008;117;-12835.989;5123.906;44.683;9.347;290.25;72;0.2838;148;0.000308656;63;1.4476;3.47818;9.3544;42.32;9999.00;
15/06/2019 14:30:58.014;117;-12835.989;5123.906;39.918;9.377;291.69;73;0.2967;163;0.000354496;62;1.3442;3.47987;9.3825;38.96;9999.00;
15/06/2019 14:31:28.020;117;-12835.989;5123.906;37.630;9.461;289.90;79;0.3741;144;0.000296432;65;1.6544;3.48374;9.4642;35.23;9999.00;
15/06/2019 14:31:58.029;117;-12835.989;5123.906;33.183;9.833;296.81;79;0.3741;169;0.000372832;64;1.5510;3.51022;9.8300;32.10;9999.00;
15/06/2019 14:32:28.035;117;-12835.989;5123.906;30.853;10.400;316.26;107;0.7353;193;0.000446176;59;1.0340;3.54610;10.3293;28.38;9999.00;
15/06/2019 14:32:58.042;117;-12835.989;5123.906;26.766;11.091;323.83;119;0.8901;207;0.000488960;63;1.4476;3.58984;10.9096;25.62;9999.00;
15/06/2019 14:33:28.048;117;-12835.989;5123.906;25.156;11.428;328.84;119;0.8901;178;0.000400336;63;1.4476;3.63171;11.4464;23.11;9999.00;
15/06/2019 14:33:58.054;117;-12835.989;5123.906;22.297;11.528;329.73;123;0.9417;201;0.000470624;64;1.5510;3.64081;11.5475;21.05;9999.00;
15/06/2019 14:34:28.061;117;-12835.989;5123.906;20.878;11.895;328.49;137;1.1223;233;0.000568416;63;1.4476;3.67459;11.9644;18.78;9999.00;
15/06/2019 14:34:58.068;117;-12835.989;5123.906;17.955;12.244;335.23;123;0.9417;260;0.000650928;60;1.1374;3.70381;12.2839;16.64;9999.00;
15/06/2019 14:35:28.075;117;-12835.989;5123.906;16.514;12.363;336.14;122;0.9288;274;0.000693712;60;1.1374;3.71395;12.3844;14.29;9999.00;
15/06/2019 14:35:58.081;117;-12835.989;5123.906;13.613;12.435;336.09;113;0.8127;273;0.000690656;63;1.4476;3.71825;12.4257;12.26;9999.00;
15/06/2019 14:36:28.087;117;-12835.989;5123.906;12.215;12.569;335.60;111;0.7869;277;0.000702880;60;1.1374;3.73345;12.5963;9.94;9999.00;
15/06/2019 14:36:58.094;117;-12835.989;5123.906;9.207;12.777;334.07;108;0.7482;282;0.000718160;64;1.5510;3.74922;12.7750;7.78;9999.00;
