PLD_REALTIMECLOCK;NAV_RESOURCE;NAV_LONGITUDE;NAV_LATITUDE;NAV_DEPTH;AROD_FT_TEMP;AROD_FT_DO;FLBBCD_CHL_COUNT;FLBBCD_CHL_SCALED;FLBBCD_BB_700_COUNT;FLBBCD_BB_700_SCALED;FLBBCD_CDOM_COUNT;FLBBCD_CDOM_SCALED;GPCTD_CONDUCTIVITY;GPCTD_TEMPERATURE;GPCTD_PRESSURE;GPCTD_DOF;
16/06/2019 13:11:18.736;110;-12838.415;5124.972;9.292;12.842;333.98;101;0.6579;179;0.000403392;62;1.3442;3.75601;12.8710;8.95;9999.00;
16/06/2019 13:11:48.750;100;-12838.415;5124.972;14.968;12.333;341.95;111;0.7869;172;0.000382000;62;1.3442;3.71410;12.3691;15.27;9999.00;
16/06/2019 13:12:18.758;100;-12838.415;5124.972;19.522;11.874;340.44;134;1.0836;168;0.000369776;60;1.1374;3.67315;11.8877;21.29;9999.00;
16/06/2019 13:12:48.763;100;-12838.415;5124.972;28.100;11.237;333.78;131;1.0449;203;0.000476736;62;1.3442;3.65355;11.6438;28.20;9999.00;
16/06/2019 13:13:18.769;100;-12838.415;5124.972;32.357;10.305;309.42;102;0.6708;154;0.000326992;63;1.4476;3.55834;10.3573;34.26;9999.00;
16/06/2019 13:13:48.776;100;-12838.415;5124.972;40.447;9.932;302.08;86;0.4644;186;0.000424784;63;1.4476;3.52966;9.9816;40.62;9999.00;
16/06/2019 13:14:18.783;100;-12838.415;5124.972;44.175;9.742;298.49;79;0.3741;186;0.000424784;62;1.3442;3.51377;9.7629;46.00;9999.00;
16/06/2019 13:14:48.790;100;-12838.415;5124.972;51.714;9.516;294.36;74;0.3096;205;0.000482848;61;1.2408;3.49736;9.5390;52.14;9999.00;
16/06/2019 13:15:18.796;100;-12838.415;5124.972;55.589;9.487;293.23;65;0.1935;146;0.000302544;61;1.2408;3.49336;9.4904;57.57;9999.00;
16/06/2019 13:15:48.802;100;-12838.415;5124.972;63.213;9.272;291.24;63;0.1677;142;0.000290320;59;1.0340;3.49683;9.3196;63.72;9999.00;
16/06/2019 13:16:18.810;100;-12838.415;5124.972;66.876;8.832;284.91;59;0.1161;139;0.000281152;62;1.3442;3.45689;8.9087;69.03;9999.00;
16/06/2019 13:16:48.815;100;-12838.415;5124.972;74.288;8.553;271.11;59;0.1161;134;0.000265872;61;1.2408;3.43916;8.5837;74.92;9999.00;
16/06/2019 13:17:18.822;100;-12838.415;5124.972;77.718;8.390;263.50;54;0.0516;133;0.000262816;61;1.2408;3.42861;8.4159;79.85;9999.00;
16/06/2019 13:17:48.830;100;-12838.415;5124.972;84.451;8.201;251.41;57;0.0903;127;0.000244480;62;1.3442;3.42358;8.2373;85.24;9999.00;
16/06/2019 13:18:18.837;100;-12838.415;5124.972;87.712;8.119;242.46;57;0.0903;124;0.000235312;60;1.1374;3.42317;8.1268;89.97;9999.00;
16/06/2019 13:18:48.844;100;-12838.415;5124.972;94.382;8.081;237.24;55;0.0645;120;0.000223088;60;1.1374;3.42252;8.0882;95.34;9999.00;
16/06/2019 13:19:18.850;100;-12838.415;5124.972;97.685;8.028;230.81;54;0.0516;120;0.000223088;60;1.1374;3.42324;8.0399;100.01;9999.00;
16/06/2019 13:19:48.856;100;-12838.415;5124.972;104.142;7.936;224.40;51;0.0129;123;0.000232256;62;1.3442;3.42376;7.9943;105.19;9999.00;
16/06/2019 13:20:18.862;100;-12838.415;5124.972;107.128;7.806;196.00;53;0.0387;137;0.000275040;62;1.3442;3.42577;7.7996;109.47;9999.00;
16/06/2019 13:20:48.868;100;-12838.415;5124.972;112.865;7.570;152.24;53;0.0387;129;0.000250592;61;1.2408;3.43320;7.5956;113.95;9999.00;
16/06/2019 13:21:18.875;100;-12838.415;5124.972;115.257;7.437;143.21;56;0.0774;152;0.000320880;61;1.2408;3.43037;7.4790;117.40;9999.00;
16/06/2019 13:21:48.881;100;-12838.415;5124.972;120.106;7.355;134.06;55;0.0645;190;0.000437008;61;1.2408;3.42959;7.3727;121.33;9999.00;
16/06/2019 13:22:18.888;100;-12838.415;5124.972;122.456;7.231;130.44;55;0.0645;134;0.000265872;62;1.3442;3.42551;7.2325;124.65;9999.00;
16/06/2019 13:22:48.921;100;-12838.415;5124.972;127.198;7.109;126.93;55;0.0645;145;0.000299488;63;1.4476;3.42135;7.1279;128.52;9999.00;
16/06/2019 13:23:18.928;100;-12838.415;5124.972;129.569;6.944;115.21;54;0.0516;159;0.000342272;62;1.3442;3.41407;6.9503;132.00;9999.00;
16/06/2019 13:23:48.934;100;-12838.415;5124.972;134.205;6.875;111.38;55;0.0645;147;0.000305600;63;1.4476;3.41069;6.8792;135.72;9999.00;
16/06/2019 13:24:18.942;100;-12838.415;5124.972;136.491;6.726;104.65;55;0.0645;153;0.000323936;60;1.1374;3.40403;6.7476;138.96;9999.00;
16/06/2019 13:24:48.947;100;-12838.415;5124.972;141.148;6.609;99.37;57;0.0903;153;0.000323936;63;1.4476;3.39641;6.6166;142.73;9999.00;
16/06/2019 13:25:18.953;100;-12838.415;5124.972;143.350;6.550;97.28;54;0.0516;150;0.000314768;62;1.3442;3.39376;6.5759;145.86;9999.00;
16/06/2019 13:25:48.960;100;-12838.415;5124.972;147.753;6.431;93.59;53;0.0387;149;0.000311712;64;1.5510;3.38615;6.4546;149.36;9999.00;
16/06/2019 13:26:18.967;100;-12838.415;5124.972;149.870;6.377;91.21;52;0.0258;167;0.000366720;62;1.3442;3.38067;6.3799;152.36;9999.00;
16/06/2019 13:26:48.974;100;-12838.415;5124.972;154.019;6.331;90.71;54;0.0516;152;0.000320880;59;1.0340;3.37756;6.3336;155.80;9999.00;
16/06/2019 13:27:18.978;100;-12838.415;5124.972;156.220;6.202;88.67;52;0.0258;152;0.000320880;63;1.4476;3.36821;6.2046;158.81;9999.00;
16/06/2019 13:27:48.985;100;-12838.415;5124.972;160.496;6.127;87.62;53;0.0387;166;0.000363664;61;1.2408;3.36205;6.1284;162.28;9999.00;
16/06/2019 13:28:18.991;100;-12838.415;5124.972;162.570;6.090;85.43;51;0.0129;187;0.000427840;62;1.3442;3.35914;6.0930;165.20;9999.00;
16/06/2019 13:28:48.997;100;-12838.415;5124.972;166.740;6.065;83.95;55;0.0645;232;0.000565360;60;1.1374;3.35689;6.0652;168.60;9999.00;
16/06/2019 13:29:19.007;100;-12838.415;5124.972;168.708;6.055;83.35;54;0.0516;233;0.000568416;62;1.3442;3.35638;6.0591;171.90;9999.00;
16/06/2019 13:29:49.014;100;-12838.415;5124.972;172.836;6.056;83.26;52;0.0258;257;0.000641760;62;1.3442;3.35643;6.0583;174.91;9999.00;
16/06/2019 13:30:19.021;100;-12838.415;5124.972;175.037;6.051;82.90;55;0.0645;238;0.000583696;62;1.3442;3.35608;6.0537;178.48;9999.00;
16/06/2019 13:30:49.027;100;-12838.415;5124.972;179.503;6.049;82.77;51;0.0129;264;0.000663152;63;1.4476;3.35601;6.0518;181.61;9999.00;
16/06/2019 13:31:19.032;100;-12838.415;5124.972;181.535;6.049;82.61;55;0.0645;247;0.000611200;60;1.1374;3.35604;6.0515;185.06;9999.00;
16/06/2019 13:31:49.041;100;-12838.415;5124.972;185.831;6.048;82.68;54;0.0516;254;0.000632592;64;1.5510;3.35619;6.0516;188.16;9999.00;
16/06/2019 13:32:19.046;100;-12838.415;5124.972;188.011;6.048;82.69;54;0.0516;246;0.000608144;64;1.5510;3.35635;6.0517;191.62;9999.00;
16/06/2019 13:32:49.052;100;-12838.415;5124.972;192.328;6.050;82.73;54;0.0516;256;0.000638704;62;1.3442;3.35650;6.0527;194.78;9999.00;
16/06/2019 13:33:19.059;100;-12838.415;5124.972;194.551;6.047;82.60;54;0.0516;267;0.000672320;65;1.6544;3.35651;6.0515;198.29;9999.00;
16/06/2019 13:33:49.065;118;-12838.415;5124.972;197.154;6.047;82.57;55;0.0645;318;0.000828176;64;1.5510;3.35643;6.0504;198.11;9999.00;
16/06/2019 13:34:19.071;118;-12838.415;5124.972;193.535;6.048;82.57;55;0.0645;268;0.000675376;60;1.1374;3.35630;6.0514;193.63;9999.00;
16/06/2019 13:34:49.077;117;-12838.415;5124.972;187.524;6.046;82.66;53;0.0387;256;0.000638704;62;1.3442;3.35595;6.0507;187.77;9999.00;
16/06/2019 13:35:19.095;117;-12838.415;5124.972;182.572;6.045;82.67;54;0.0516;267;0.000672320;64;1.5510;3.35559;6.0497;180.36;9999.00;
16/06/2019 13:35:49.106;117;-12838.415;5124.972;173.428;6.060;82.86;54;0.0516;211;0.000501184;62;1.3442;3.35529;6.0510;173.87;9999.00;
16/06/2019 13:36:19.115;117;-12838.415;5124.972;168.772;6.073;84.32;54;0.0516;193;0.000446176;63;1.4476;3.35728;6.0789;166.30;9999.00;
16/06/2019 13:36:49.121;117;-12838.415;5124.972;159.564;6.199;87.46;53;0.0387;145;0.000299488;62;1.3442;3.36346;6.1631;159.78;9999.00;
16/06/2019 13:37:19.128;117;-12838.415;5124.972;154.908;6.403;90.73;53;0.0387;158;0.000339216;62;1.3442;3.38075;6.4077;152.32;9999.00;
16/06/2019 13:37:49.134;117;-12838.415;5124.972;146.081;6.578;94.61;53;0.0387;164;0.000357552;62;1.3442;3.39096;6.5690;146.12;9999.00;
16/06/2019 13:38:19.141;117;-12838.415;5124.972;141.889;6.829;106.71;52;0.0258;167;0.000366720;63;1.4476;3.40556;6.8320;139.52;9999.00;
16/06/2019 13:38:49.148;117;-12838.415;5124.972;134.268;6.937;112.84;54;0.0516;166;0.000363664;61;1.2408;3.41110;6.9387;134.09;9999.00;
16/06/2019 13:39:19.154;117;-12838.415;5124.972;130.246;7.161;126.50;54;0.0516;133;0.000262816;62;1.3442;3.42024;7.1645;127.90;9999.00;
16/06/2019 13:39:49.160;117;-12838.415;5124.972;122.794;7.305;128.51;55;0.0645;145;0.000299488;60;1.1374;3.42503;7.2926;122.44;9999.00;
16/06/2019 13:40:19.166;117;-12838.415;5124.972;118.560;7.536;145.37;55;0.0645;132;0.000259760;61;1.2408;3.42810;7.4992;115.58;9999.00;
16/06/2019 13:40:49.174;117;-12838.415;5124.972;110.007;7.782;199.13;54;0.0516;124;0.000235312;62;1.3442;3.42131;7.7890;109.63;9999.00;
16/06/2019 13:41:19.181;117;-12838.415;5124.972;106.556;7.895;214.19;53;0.0387;128;0.000247536;59;1.0340;3.41842;7.8925;104.19;9999.00;
16/06/2019 13:41:49.187;117;-12838.415;5124.972;100.437;8.015;228.22;55;0.0645;238;0.000583696;61;1.2408;3.42106;8.0264;100.03;9999.00;
16/06/2019 13:42:19.194;117;-12838.415;5124.972;97.748;8.040;231.07;52;0.0258;125;0.000238368;59;1.0340;3.42135;8.0514;95.39;9999.00;
16/06/2019 13:42:49.200;117;-12838.415;5124.972;91.799;8.106;239.01;55;0.0645;124;0.000235312;59;1.0340;3.42073;8.1061;91.18;9999.00;
16/06/2019 13:43:19.207;117;-12838.415;5124.972;89.046;8.132;243.28;54;0.0516;121;0.000226144;59;1.0340;3.42077;8.1399;86.85;9999.00;
16/06/2019 13:43:49.213;117;-12838.415;5124.972;83.753;8.323;256.99;55;0.0645;126;0.000241424;60;1.1374;3.42235;8.3023;83.07;9999.00;
16/06/2019 13:44:19.221;117;-12838.415;5124.972;81.339;8.409;263.69;56;0.0774;131;0.000256704;61;1.2408;3.42586;8.4223;79.31;9999.00;
16/06/2019 13:44:49.227;117;-12838.415;5124.972;76.977;8.554;268.17;58;0.1032;139;0.000281152;59;1.0340;3.43030;8.5404;76.23;9999.00;
16/06/2019 13:45:19.234;117;-12838.415;5124.972;74.838;8.694;275.46;61;0.1419;146;0.000302544;59;1.0340;3.43820;8.7059;72.66;9999.00;
16/06/2019 13:45:49.240;117;-12838.415;5124.972;70.412;8.808;279.49;60;0.1290;142;0.000290320;62;1.3442;3.44308;8.8036;69.53;9999.00;
16/06/2019 13:46:19.246;117;-12838.415;5124.972;68.253;9.024;283.10;62;0.1548;153;0.000323936;59;1.0340;3.45809;9.0353;66.02;9999.00;
16/06/2019 13:46:49.253;117;-12838.415;5124.972;63.911;9.139;286.56;66;0.2064;158;0.000339216;62;1.3442;3.46526;9.1405;62.94;9999.00;
16/06/2019 13:47:19.259;117;-12838.415;5124.972;61.794;9.272;287.64;67;0.2193;163;0.000354496;63;1.4476;3.47503;9.2750;59.45;9999.00;
16/06/2019 13:47:49.266;117;-12838.415;5124.972;57.283;9.478;292.76;74;0.3096;160;0.000345328;61;1.2408;3.49020;9.4929;56.25;9999.00;
16/06/2019 13:48:19.274;117;-12838.415;5124.972;54.996;9.519;294.13;74;0.3096;182;0.000412560;63;1.4476;3.49360;9.5352;52.39;9999.00;
16/06/2019 13:48:49.279;117;-12838.415;5124.972;49.977;9.673;295.53;77;0.3483;159;0.000342272;63;1.4476;3.50325;9.6769;48.78;9999.00;
16/06/2019 13:49:19.286;117;-12838.415;5124.972;47.478;9.786;298.06;82;0.4128;152;0.000320880;61;1.2408;3.51228;9.7985;44.79;9999.00;
16/06/2019 13:49:49.292;117;-12838.415;5124.972;42.904;9.849;299.21;85;0.4515;167;0.000366720;60;1.1374;3.51648;9.8531;41.59;9999.00;
16/06/2019 13:50:19.300;117;-12838.415;5124.972;40.765;9.970;300.22;84;0.4386;153;0.000323936;62;1.3442;3.52516;9.9733;38.09;9999.00;
16/06/2019 13:50:49.305;117;-12838.415;5124.972;36.339;10.006;301.46;90;0.5160;162;0.000351440;62;1.3442;3.52842;10.0155;34.93;9999.00;
16/06/2019 13:51:19.312;117;-12838.415;5124.972;34.178;10.253;308.93;106;0.7224;161;0.000348384;62;1.3442;3.54293;10.2301;31.49;9999.00;
16/06/2019 13:51:49.319;117;-12838.415;5124.972;29.943;10.924;321.04;167;1.5093;222;0.000534800;65;1.6544;3.59376;10.9291;28.45;9999.00;
16/06/2019 13:52:19.325;117;-12838.415;5124.972;28.015;11.524;329.75;156;1.3674;196;0.000455344;64;1.5510;3.63866;11.5118;25.61;9999.00;
16/06/2019 13:52:49.333;117;-12838.415;5124.972;24.923;11.777;340.24;162;1.4448;201;0.000470624;63;1.4476;3.66288;11.8111;23.44;9999.00;
16/06/2019 13:53:19.339;117;-12838.415;5124.972;23.398;11.813;339.35;135;1.0965;177;0.000397280;62;1.3442;3.66756;11.8591;20.99;9999.00;
16/06/2019 13:53:49.345;117;-12838.415;5124.972;20.454;11.879;337.00;131;1.0449;168;0.000369776;61;1.2408;3.67045;11.8909;18.86;9999.00;
16/06/2019 13:54:19.352;117;-12838.415;5124.972;18.844;11.992;338.24;137;1.1223;176;0.000394224;62;1.3442;3.68083;12.0184;16.37;9999.00;
16/06/2019 13:54:49.358;117;-12838.415;5124.972;15.858;12.270;341.12;109;0.7611;181;0.000409504;62;1.3442;3.69995;12.2402;14.21;9999.00;
16/06/2019 13:55:19.366;117;-12838.415;5124.972;14.333;12.484;339.04;110;0.7740;219;0.000525632;63;1.4476;3.72393;12.5042;11.83;9999.00;
16/06/2019 13:55:49.376;117;-12838.415;5124.972;11.706;12.690;335.49;109;0.7611;246;0.000608144;59;1.0340;3.74103;12.6960;9.92;9999.00;
16/06/2019 13:56:19.383;117;-12838.415;5124.972;10.266;12.857;334.95;109;0.7611;210;0.000498128;57;0.8272;3.75631;12.8765;7.58;9999.00;
