PLD_REALTIMECLOCK;NAV_RESOURCE;NAV_LONGITUDE;NAV_LATITUDE;NAV_DEPTH;AROD_FT_TEMP;AROD_FT_DO;FLBBCD_CHL_COUNT;FLBBCD_CHL_SCALED;FLBBCD_BB_700_COUNT;FLBBCD_BB_700_SCALED;FLBBCD_CDOM_COUNT;FLBBCD_CDOM_SCALED;GPCTD_CONDUCTIVITY;GPCTD_TEMPERATURE;GPCTD_PRESSURE;GPCTD_DOF;
15/06/2019 05:21:49.556;117;-12828.784;5127.665;7.957;12.822;363.57;191;1.8189;356;0.000944304;63;1.4476;3.70859;12.8407;6.47;9999.00;
15/06/2019 05:22:19.562;115;-12828.784;5127.665;6.644;12.594;364.18;195;1.8705;333;0.000874016;61;1.2408;3.71080;12.8519;5.66;9999.00;
15/06/2019 05:22:49.571;115;-12828.784;5127.665;1.560;12.939;361.24;190;1.8060;334;0.000877072;64;1.5510;3.72019;12.9774;1.09;9999.00;
15/06/2019 05:23:19.526;116;-12829.010;5127.475;1.222;12.963;361.47;184;1.7286;343;0.000904576;63;1.4476;3.72059;12.9759;0.16;9999.00;
15/06/2019 05:23:49.532;116;-12829.010;5127.475;1.222;12.966;361.43;184;1.7286;360;0.000956528;61;1.2408;3.72129;12.9836;0.17;9999.00;
15/06/2019 05:24:19.540;116;-12829.008;5127.472;1.179;12.965;361.47;189;1.7931;349;0.000922912;60;1.1374;3.72027;12.9704;0.38;9999.00;
15/06/2019 05:24:49.546;116;-12829.009;5127.472;1.179;12.971;361.32;191;1.8189;386;0.001035984;62;1.3442;3.72145;12.9825;0.42;9999.00;
15/06/2019 05:25:19.553;116;-12829.008;5127.470;1.306;12.957;361.61;183;1.7157;328;0.000858736;61;1.2408;3.72000;12.9649;0.55;9999.00;
15/06/2019 05:25:49.560;116;-12829.010;5127.469;1.243;12.966;361.16;206;2.0124;359;0.000953472;61;1.2408;3.71856;12.9745;0.36;9999.00;
15/06/2019 05:26:19.568;116;-12829.012;5127.468;1.200;12.977;361.51;191;1.8189;411;0.001112384;64;1.5510;3.72123;12.9804;0.33;9999.00;
15/06/2019 05:26:49.575;116;-12829.012;5127.468;1.200;12.964;361.55;200;1.9350;361;0.000959584;61;1.2408;3.72009;12.9666;0.15;9999.00;
15/06/2019 05:27:19.591;116;-12829.012;5127.468;1.200;12.960;361.78;195;1.8705;342;0.000901520;63;1.4476;3.71983;12.9637;0.72;9999.00;
15/06/2019 05:27:49.598;116;-12829.021;5127.466;1.222;12.956;361.68;180;1.6770;344;0.000907632;62;1.3442;3.71957;12.9604;0.54;9999.00;
15/06/2019 05:28:19.605;116;-12829.021;5127.465;1.200;12.953;361.07;196;1.8834;339;0.000892352;64;1.5510;3.71904;12.9547;0.38;9999.00;
15/06/2019 05:28:49.612;116;-12829.021;5127.465;1.200;12.967;361.60;193;1.8447;318;0.000828176;62;1.3442;3.71999;12.9655;0.25;9999.00;
15/06/2019 05:29:19.625;116;-12829.021;5127.465;1.200;12.968;361.67;177;1.6383;313;0.000812896;64;1.5510;3.72037;12.9708;0.30;9999.00;
15/06/2019 05:29:49.631;116;-12829.021;5127.465;1.200;12.969;361.60;183;1.7157;346;0.000913744;63;1.4476;3.72026;12.9700;0.16;9999.00;
15/06/2019 05:30:19.638;116;-12829.021;5127.465;1.200;12.957;361.55;191;1.8189;312;0.000809840;64;1.5510;3.71941;12.9594;0.12;9999.00;
15/06/2019 05:30:49.644;116;-12829.021;5127.465;1.200;12.943;361.17;189;1.7931;331;0.000867904;63;1.4476;3.71827;12.9476;0.15;9999.00;
15/06/2019 05:31:19.651;116;-12829.021;5127.465;1.200;12.950;361.20;189;1.7931;346;0.000913744;63;1.4476;3.71902;12.9557;0.14;9999.00;
15/06/2019 05:31:49.657;116;-12829.021;5127.465;1.200;12.956;361.23;183;1.7157;327;0.000855680;63;1.4476;3.71958;12.9630;0.22;9999.00;
15/06/2019 05:32:19.672;116;-12829.021;5127.465;1.200;12.959;361.61;183;1.7157;336;0.000883184;64;1.5510;3.71980;12.9662;0.15;9999.00;
15/06/2019 05:32:49.678;116;-12829.021;5127.465;1.200;12.957;361.49;202;1.9608;361;0.000959584;62;1.3442;3.71988;12.9677;0.18;9999.00;
15/06/2019 05:33:19.684;116;-12829.021;5127.465;1.200;12.951;361.25;198;1.9092;340;0.000895408;62;1.3442;3.71883;12.9539;0.19;9999.00;
15/06/2019 05:33:49.692;116;-12829.047;5127.450;1.264;12.960;361.39;186;1.7544;368;0.000980976;61;1.2408;3.71896;12.9552;0.16;9999.00;
15/06/2019 05:34:19.698;116;-12829.047;5127.449;1.222;12.950;361.80;201;1.9479;328;0.000858736;63;1.4476;3.71871;12.9538;0.17;9999.00;
15/06/2019 05:34:49.704;116;-12829.052;5127.447;1.222;12.951;361.19;184;1.7286;353;0.000935136;63;1.4476;3.71856;12.9520;0.08;9999.00;
15/06/2019 05:35:19.712;116;-12829.053;5127.445;1.243;12.935;361.20;180;1.6770;321;0.000837344;64;1.5510;3.71681;12.9315;0.10;9999.00;
15/06/2019 05:35:49.717;116;-12829.056;5127.445;1.200;12.946;361.04;186;1.7544;331;0.000867904;60;1.1374;3.71846;12.9525;0.22;9999.00;
15/06/2019 05:36:19.725;116;-12829.058;5127.444;1.200;12.941;361.09;185;1.7415;333;0.000874016;63;1.4476;3.71821;12.9499;0.22;9999.00;
15/06/2019 05:36:49.733;116;-12829.060;5127.443;1.222;12.947;361.12;179;1.6641;364;0.000968752;62;1.3442;3.71845;12.9530;0.16;9999.00;
15/06/2019 05:37:19.740;116;-12829.060;5127.443;1.222;12.950;360.84;173;1.5867;340;0.000895408;62;1.3442;3.71873;12.9549;0.84;9999.00;
15/06/2019 05:37:49.744;116;-12829.066;5127.440;1.222;12.950;361.32;201;1.9479;352;0.000932080;62;1.3442;3.71840;12.9518;0.28;9999.00;
15/06/2019 05:38:19.750;116;-12829.066;5127.439;1.200;12.955;361.17;201;1.9479;346;0.000913744;61;1.2408;3.71809;12.9482;0.60;9999.00;
15/06/2019 05:38:49.759;116;-12829.068;5127.439;1.285;12.938;360.89;184;1.7286;318;0.000828176;63;1.4476;3.71723;12.9398;0.20;9999.00;
15/06/2019 05:39:19.766;116;-12829.068;5127.439;1.285;12.951;360.92;209;2.0511;364;0.000968752;63;1.4476;3.71873;12.9573;0.31;9999.00;
15/06/2019 05:39:49.772;116;-12829.068;5127.439;1.285;12.955;361.14;195;1.8705;336;0.000883184;62;1.3442;3.71887;12.9583;0.62;9999.00;
15/06/2019 05:40:19.779;116;-12829.068;5127.439;1.285;12.942;360.53;188;1.7802;337;0.000886240;63;1.4476;3.71782;12.9472;0.38;9999.00;
15/06/2019 05:40:49.785;116;-12829.068;5127.439;1.285;12.950;360.66;188;1.7802;334;0.000877072;66;1.7578;3.71802;12.9494;0.23;9999.00;
15/06/2019 05:41:19.792;116;-12829.068;5127.439;1.285;12.935;360.75;194;1.8576;300;0.000773168;64;1.5510;3.71715;12.9390;0.18;9999.00;
15/06/2019 05:41:49.799;116;-12829.068;5127.439;1.285;12.937;360.49;188;1.7802;315;0.000819008;62;1.3442;3.71694;12.9380;0.27;9999.00;
15/06/2019 05:42:19.805;116;-12829.068;5127.439;1.285;12.944;360.62;192;1.8318;331;0.000867904;63;1.4476;3.71774;12.9476;0.25;9999.00;
15/06/2019 05:42:49.812;116;-12829.068;5127.439;1.285;12.949;360.68;171;1.5609;309;0.000800672;62;1.3442;3.71791;12.9492;0.17;9999.00;
15/06/2019 05:43:19.820;116;-12829.068;5127.439;1.285;12.941;360.79;194;1.8576;342;0.000901520;61;1.2408;3.71750;12.9447;0.12;9999.00;
15/06/2019 05:43:49.825;116;-12829.068;5127.439;1.285;12.940;360.75;175;1.6125;328;0.000858736;65;1.6544;3.71742;12.9435;0.15;9999.00;
15/06/2019 05:44:19.831;116;-12829.099;5127.423;1.349;12.951;360.86;188;1.7802;346;0.000913744;61;1.2408;3.71831;12.9541;0.88;9999.00;
15/06/2019 05:44:49.839;116;-12829.103;5127.422;1.243;12.936;360.65;191;1.8189;326;0.000852624;60;1.1374;3.71693;12.9379;0.16;9999.00;
15/06/2019 05:45:19.845;116;-12829.105;5127.421;1.158;12.942;360.81;187;1.7673;334;0.000877072;62;1.3442;3.71757;12.9476;0.12;9999.00;
15/06/2019 05:45:49.852;116;-12829.107;5127.420;1.200;12.945;360.73;178;1.6512;333;0.000874016;62;1.3442;3.71776;12.9493;0.50;9999.00;
15/06/2019 05:46:19.858;116;-12829.110;5127.417;1.200;12.944;360.80;176;1.6254;343;0.000904576;60;1.1374;3.71772;12.9485;0.22;9999.00;
15/06/2019 05:46:49.865;116;-12829.113;5127.417;1.200;12.939;360.40;180;1.6770;329;0.000861792;63;1.4476;3.71725;12.9438;0.36;9999.00;
15/06/2019 05:47:19.872;116;-12829.114;5127.416;1.179;12.936;360.65;174;1.5996;366;0.000974864;62;1.3442;3.71760;12.9477;0.14;9999.00;
15/06/2019 05:47:49.878;116;-12829.122;5127.415;1.179;12.946;360.60;175;1.6125;361;0.000959584;67;1.8612;3.71767;12.9494;0.20;9999.00;
15/06/2019 05:48:19.884;116;-12829.123;5127.414;1.200;12.950;360.69;185;1.7415;339;0.000892352;63;1.4476;3.71802;12.9535;0.25;9999.00;
15/06/2019 05:48:49.891;116;-12829.123;5127.414;1.200;12.935;360.78;183;1.7157;350;0.000925968;64;1.5510;3.71708;12.9428;0.15;9999.00;
15/06/2019 05:49:19.898;110;-12829.130;5127.411;1.243;12.938;360.77;178;1.6512;319;0.000831232;65;1.6544;3.71726;12.9459;0.26;9999.00;
15/06/2019 05:49:49.904;110;-12829.130;5127.411;2.641;12.928;361.10;181;1.6899;315;0.000819008;61;1.2408;3.71771;12.9500;2.72;9999.00;
15/06/2019 05:50:20.039;110;-12829.130;5127.411;9.207;11.886;374.64;240;2.4510;387;0.001039040;65;1.6544;3.65887;12.1843;12.94;9999.00;
15/06/2019 05:50:50.045;100;-12829.130;5127.411;21.238;11.494;334.20;230;2.3220;297;0.000764000;62;1.3442;3.64354;11.6059;20.58;9999.00;
15/06/2019 05:51:20.053;100;-12829.130;5127.411;25.516;10.331;311.65;102;0.6708;170;0.000375888;64;1.5510;3.55889;10.5637;27.32;9999.00;
15/06/2019 05:51:50.059;100;-12829.130;5127.411;32.950;9.701;281.91;82;0.4128;304;0.000785392;64;1.5510;3.49587;9.7436;32.54;9999.00;
15/06/2019 05:52:20.065;100;-12829.130;5127.411;36.466;9.337;283.41;75;0.3225;157;0.000336160;63;1.4476;3.46864;9.3611;38.38;9999.00;
15/06/2019 05:52:50.072;100;-12829.130;5127.411;43.666;9.144;293.51;63;0.1677;134;0.000265872;62;1.3442;3.45966;9.1526;43.42;9999.00;
15/06/2019 05:53:20.079;100;-12829.130;5127.411;47.076;8.745;265.86;61;0.1419;136;0.000271984;62;1.3442;3.43694;8.7981;49.00;9999.00;
15/06/2019 05:53:50.085;100;-12829.130;5127.411;53.874;8.627;273.32;56;0.0774;129;0.000250592;60;1.1374;3.43281;8.6452;53.78;9999.00;
15/06/2019 05:54:20.092;100;-12829.130;5127.411;57.156;8.451;266.18;57;0.0903;118;0.000216976;62;1.3442;3.42646;8.5162;59.15;9999.00;
15/06/2019 05:54:50.098;100;-12829.130;5127.411;63.890;8.341;260.87;54;0.0516;120;0.000223088;59;1.0340;3.42335;8.3493;63.93;9999.00;
15/06/2019 05:55:20.105;100;-12829.130;5127.411;67.046;8.243;255.68;55;0.0645;146;0.000302544;58;0.9306;3.42150;8.2551;69.06;9999.00;
15/06/2019 05:55:50.111;100;-12829.130;5127.411;73.229;8.172;250.89;54;0.0516;122;0.000229200;62;1.3442;3.42062;8.2056;73.52;9999.00;
15/06/2019 05:56:20.119;100;-12829.130;5127.411;76.299;8.014;237.80;55;0.0645;122;0.000229200;61;1.2408;3.41480;8.0259;78.46;9999.00;
15/06/2019 05:56:50.126;100;-12829.130;5127.411;82.249;7.984;231.42;54;0.0516;121;0.000226144;60;1.1374;3.41745;8.0023;82.66;9999.00;
15/06/2019 05:57:20.136;100;-12829.130;5127.411;85.171;7.915;220.79;53;0.0387;125;0.000238368;60;1.1374;3.42123;7.9402;87.36;9999.00;
15/06/2019 05:57:50.141;100;-12829.130;5127.411;91.079;7.720;190.94;55;0.0645;126;0.000241424;60;1.1374;3.42425;7.7494;91.55;9999.00;
15/06/2019 05:58:20.148;100;-12829.130;5127.411;94.106;7.719;183.80;54;0.0516;145;0.000299488;62;1.3442;3.42814;7.7250;96.35;9999.00;
15/06/2019 05:58:50.154;100;-12829.130;5127.411;99.760;7.673;176.07;53;0.0387;144;0.000296432;61;1.2408;3.42879;7.6980;100.39;9999.00;
15/06/2019 05:59:20.163;100;-12829.130;5127.411;102.385;7.628;170.63;53;0.0387;124;0.000235312;59;1.0340;3.42987;7.6312;104.73;9999.00;
15/06/2019 05:59:50.169;100;-12829.130;5127.411;107.699;7.535;161.25;51;0.0129;128;0.000247536;61;1.2408;3.43019;7.5406;108.47;9999.00;
15/06/2019 06:00:20.171;100;-12829.130;5127.411;110.219;7.482;150.27;51;0.0129;141;0.000287264;61;1.2408;3.43043;7.4874;112.50;9999.00;
15/06/2019 06:00:50.182;100;-12829.130;5127.411;114.898;7.306;129.34;53;0.0387;132;0.000259760;62;1.3442;3.42746;7.3335;115.81;9999.00;
15/06/2019 06:01:20.187;100;-12829.130;5127.411;117.248;7.136;119.24;54;0.0516;148;0.000308656;59;1.0340;3.42044;7.1348;119.60;9999.00;
15/06/2019 06:01:50.194;100;-12829.130;5127.411;121.736;7.040;115.05;54;0.0516;143;0.000293376;61;1.2408;3.41714;7.0588;122.83;9999.00;
15/06/2019 06:02:20.201;100;-12829.130;5127.411;124.128;6.937;109.47;54;0.0516;160;0.000345328;61;1.2408;3.41203;6.9398;126.59;9999.00;
15/06/2019 06:02:50.208;100;-12829.130;5127.411;128.743;6.790;102.32;57;0.0903;167;0.000366720;60;1.1374;3.40507;6.8049;129.86;9999.00;
15/06/2019 06:03:20.216;100;-12829.130;5127.411;131.051;6.745;99.74;56;0.0774;158;0.000339216;62;1.3442;3.40181;6.7488;133.46;9999.00;
15/06/2019 06:03:50.221;100;-12829.130;5127.411;135.242;6.692;98.19;54;0.0516;164;0.000357552;61;1.2408;3.39933;6.7031;136.47;9999.00;
15/06/2019 06:04:20.227;100;-12829.130;5127.411;137.423;6.553;92.29;57;0.0903;158;0.000339216;62;1.3442;3.39199;6.5640;139.99;9999.00;
15/06/2019 06:04:50.234;100;-12829.130;5127.411;141.572;6.439;89.60;56;0.0774;155;0.000330048;61;1.2408;3.38501;6.4426;142.92;9999.00;
15/06/2019 06:05:20.240;100;-12829.130;5127.411;143.731;6.411;88.98;51;0.0129;148;0.000308656;62;1.3442;3.38298;6.4137;146.44;9999.00;
15/06/2019 06:05:50.246;100;-12829.130;5127.411;148.049;6.380;88.56;54;0.0516;156;0.000333104;63;1.4476;3.38211;6.4013;149.53;9999.00;
15/06/2019 06:06:20.254;100;-12829.130;5127.411;150.251;6.255;89.58;55;0.0645;147;0.000305600;58;0.9306;3.37207;6.2581;152.96;9999.00;
15/06/2019 06:06:50.263;100;-12829.130;5127.411;154.336;6.211;88.35;53;0.0387;157;0.000336160;60;1.1374;3.36929;6.2203;155.91;9999.00;
15/06/2019 06:07:20.269;100;-12829.130;5127.411;156.410;6.161;86.98;55;0.0645;174;0.000388112;62;1.3442;3.36613;6.1791;159.22;9999.00;
15/06/2019 06:07:50.275;100;-12829.130;5127.411;160.496;6.065;82.67;55;0.0645;209;0.000495072;62;1.3442;3.35876;6.0858;162.12;9999.00;
15/06/2019 06:08:20.282;100;-12829.130;5127.411;162.485;6.009;78.61;53;0.0387;271;0.000684544;63;1.4476;3.35269;6.0113;165.41;9999.00;
15/06/2019 06:08:50.290;100;-12829.130;5127.411;166.592;6.006;77.95;53;0.0387;303;0.000782336;63;1.4476;3.35221;6.0065;168.29;9999.00;
15/06/2019 06:09:20.297;100;-12829.130;5127.411;168.708;6.001;77.68;54;0.0516;291;0.000745664;60;1.1374;3.35195;6.0034;171.59;9999.00;
15/06/2019 06:09:50.304;100;-12829.130;5127.411;172.666;5.999;77.61;53;0.0387;312;0.000809840;63;1.4476;3.35196;6.0026;174.46;9999.00;
15/06/2019 06:10:20.311;100;-12829.130;5127.411;174.635;5.999;77.33;53;0.0387;385;0.001032928;64;1.5510;3.35196;6.0019;177.64;9999.00;
15/06/2019 06:10:50.318;100;-12829.130;5127.411;178.381;5.998;77.29;58;0.1032;585;0.001644128;62;1.3442;3.35203;6.0020;180.25;9999.00;
15/06/2019 06:11:20.325;100;-12829.130;5127.411;180.286;5.999;77.46;52;0.0258;316;0.000822064;63;1.4476;3.35218;6.0025;183.45;9999.00;
15/06/2019 06:11:50.332;118;-12829.130;5127.411;182.847;5.999;77.38;54;0.0516;352;0.000932080;63;1.4476;3.35213;6.0027;184.09;9999.00;
15/06/2019 06:12:20.338;118;-12829.130;5127.411;179.355;5.998;77.37;54;0.0516;348;0.000919856;62;1.3442;3.35188;6.0023;179.97;9999.00;
15/06/2019 06:12:50.345;117;-12829.130;5127.411;173.132;6.002;77.65;55;0.0645;297;0.000764000;63;1.4476;3.35171;6.0036;174.05;9999.00;
15/06/2019 06:13:20.352;117;-12829.130;5127.411;168.348;6.003;77.93;53;0.0387;276;0.000699824;61;1.2408;3.35169;6.0078;166.91;9999.00;
15/06/2019 06:13:50.359;117;-12829.130;5127.411;159.607;6.116;84.61;55;0.0645;169;0.000372832;62;1.3442;3.35952;6.1123;160.73;9999.00;
15/06/2019 06:14:20.367;117;-12829.130;5127.411;155.225;6.281;88.61;54;0.0516;161;0.000348384;59;1.0340;3.37089;6.2618;153.47;9999.00;
15/06/2019 06:14:50.377;117;-12829.130;5127.411;145.996;6.429;88.69;55;0.0645;152;0.000320880;62;1.3442;3.38266;6.4333;146.92;9999.00;
15/06/2019 06:15:20.385;117;-12829.130;5127.411;141.699;6.548;90.14;54;0.0516;177;0.000397280;61;1.2408;3.38803;6.5357;140.01;9999.00;
15/06/2019 06:15:50.393;117;-12829.130;5127.411;133.104;6.810;101.68;53;0.0387;163;0.000354496;61;1.2408;3.40316;6.8074;133.86;9999.00;
15/06/2019 06:16:20.400;117;-12829.130;5127.411;129.103;6.928;107.30;51;0.0129;146;0.000302544;62;1.3442;3.40983;6.9320;127.44;9999.00;
15/06/2019 06:16:50.407;117;-12829.130;5127.411;121.482;7.104;116.90;53;0.0387;155;0.000330048;63;1.4476;3.41567;7.0726;122.06;9999.00;
15/06/2019 06:17:20.414;117;-12829.130;5127.411;117.798;7.321;129.25;55;0.0645;132;0.000259760;60;1.1374;3.42328;7.2988;116.07;9999.00;
15/06/2019 06:17:50.421;117;-12829.130;5127.411;110.155;7.531;158.77;52;0.0258;132;0.000259760;63;1.4476;3.42812;7.5234;110.62;9999.00;
15/06/2019 06:18:20.427;117;-12829.130;5127.411;106.323;7.561;164.36;54;0.0516;136;0.000271984;61;1.2408;3.42847;7.5614;104.38;9999.00;
15/06/2019 06:18:50.434;117;-12829.130;5127.411;99.082;7.642;171.25;56;0.0774;133;0.000262816;60;1.1374;3.42808;7.6387;99.28;9999.00;
15/06/2019 06:19:20.441;117;-12829.130;5127.411;95.462;7.716;180.33;54;0.0516;132;0.000259760;62;1.3442;3.42700;7.7229;93.40;9999.00;
15/06/2019 06:19:50.450;117;-12829.130;5127.411;88.771;7.744;189.66;54;0.0516;130;0.000253648;61;1.2408;3.42297;7.7296;88.76;9999.00;
15/06/2019 06:20:20.457;117;-12829.130;5127.411;85.743;7.904;217.60;56;0.0774;131;0.000256704;59;1.0340;3.41644;7.9105;83.94;9999.00;
15/06/2019 06:20:50.464;117;-12829.130;5127.411;79.899;7.966;227.02;55;0.0645;131;0.000256704;61;1.2408;3.41689;7.9840;79.80;9999.00;
15/06/2019 06:21:20.471;117;-12829.130;5127.411;77.167;8.070;239.75;54;0.0516;122;0.000229200;60;1.1374;3.41352;8.0692;75.24;9999.00;
15/06/2019 06:21:50.623;117;-12829.130;5127.411;71.471;8.214;249.22;52;0.0258;133;0.000262816;62;1.3442;3.41908;8.2090;71.24;9999.00;
15/06/2019 06:22:20.631;117;-12829.130;5127.411;68.697;8.282;255.28;58;0.1032;125;0.000238368;62;1.3442;3.42147;8.2875;66.85;9999.00;
15/06/2019 06:22:50.636;117;-12829.130;5127.411;63.615;8.322;259.54;56;0.0774;128;0.000247536;63;1.4476;3.42214;8.3234;63.20;9999.00;
15/06/2019 06:23:20.643;117;-12829.130;5127.411;61.180;8.363;261.64;56;0.0774;129;0.000250592;61;1.2408;3.42226;8.3672;59.25;9999.00;
15/06/2019 06:23:50.649;117;-12829.130;5127.411;55.992;8.441;263.72;54;0.0516;226;0.000547024;62;1.3442;3.42100;8.4410;55.50;9999.00;
15/06/2019 06:24:20.654;117;-12829.130;5127.411;53.366;8.534;271.45;59;0.1161;126;0.000241424;63;1.4476;3.42179;8.5257;51.28;9999.00;
15/06/2019 06:24:50.661;117;-12829.130;5127.411;48.431;8.698;278.81;60;0.1290;136;0.000271984;59;1.0340;3.43010;8.7082;47.86;9999.00;
15/06/2019 06:25:20.677;117;-12829.130;5127.411;46.059;8.981;286.36;62;0.1548;142;0.000290320;61;1.2408;3.44711;9.0001;43.95;9999.00;
15/06/2019 06:25:50.684;117;-12829.130;5127.411;41.379;9.132;288.31;66;0.2064;140;0.000284208;62;1.3442;3.45237;9.1183;40.70;9999.00;
15/06/2019 06:26:20.692;117;-12829.130;5127.411;39.134;9.290;297.27;66;0.2064;136;0.000271984;64;1.5510;3.46289;9.2948;37.08;9999.00;
15/06/2019 06:26:50.697;117;-12829.130;5127.411;34.920;9.551;304.36;72;0.2838;149;0.000311712;62;1.3442;3.47820;9.5200;34.08;9999.00;
15/06/2019 06:27:20.703;117;-12829.130;5127.411;32.950;9.749;311.80;78;0.3612;156;0.000333104;64;1.5510;3.49582;9.7592;30.94;9999.00;
15/06/2019 06:27:50.710;117;-12829.130;5127.411;29.392;9.973;314.10;82;0.4128;168;0.000369776;65;1.6544;3.51074;9.9529;28.40;9999.00;
15/06/2019 06:28:20.715;117;-12829.130;5127.411;27.676;10.212;296.42;106;0.7224;186;0.000424784;63;1.4476;3.52348;10.1907;25.65;9999.00;
15/06/2019 06:28:50.725;117;-12829.130;5127.411;24.288;11.181;320.19;214;2.1156;292;0.000748720;64;1.5510;3.58801;11.0269;23.26;9999.00;
15/06/2019 06:29:20.736;117;-12829.130;5127.411;22.890;11.630;339.27;449;5.1471;450;0.001231568;62;1.3442;3.64562;11.6530;20.97;9999.00;
15/06/2019 06:29:50.741;117;-12829.130;5127.411;20.157;11.677;341.74;509;5.9211;483;0.001332416;65;1.6544;3.64963;11.6836;19.05;9999.00;
15/06/2019 06:30:20.746;117;-12829.130;5127.411;18.823;11.922;357.94;267;2.7993;449;0.001228512;65;1.6544;3.67109;11.9502;16.79;9999.00;
15/06/2019 06:30:50.754;117;-12829.130;5127.411;16.091;11.985;369.42;239;2.4381;415;0.001124608;66;1.7578;3.65861;12.0052;14.91;9999.00;
15/06/2019 06:31:20.761;117;-12829.130;5127.411;15.011;12.333;367.34;225;2.2575;458;0.001256016;64;1.5510;3.67165;12.3600;13.13;9999.00;
15/06/2019 06:31:50.768;117;-12829.130;5127.411;12.935;12.399;366.50;221;2.2059;404;0.001090992;64;1.5510;3.67444;12.3980;11.70;9999.00;
15/06/2019 06:32:20.774;117;-12829.130;5127.411;11.791;12.434;366.51;203;1.9737;355;0.000941248;60;1.1374;3.67651;12.4532;9.81;9999.00;
15/06/2019 06:32:50.782;117;-12829.130;5127.411;9.355;12.580;365.20;187;1.7673;322;0.000840400;65;1.6544;3.68035;12.5695;8.02;9999.00;
