PLD_REALTIMECLOCK;NAV_RESOURCE;NAV_LONGITUDE;NAV_LATITUDE;NAV_DEPTH;AROD_FT_TEMP;AROD_FT_DO;FLBBCD_CHL_COUNT;FLBBCD_CHL_SCALED;FLBBCD_BB_700_COUNT;FLBBCD_BB_700_SCALED;FLBBCD_CDOM_COUNT;FLBBCD_CDOM_SCALED;GPCTD_CONDUCTIVITY;GPCTD_TEMPERATURE;GPCTD_PRESSURE;GPCTD_DOF;
15/06/2019 18:09:31.375;117;-12837.493;5123.648;7.957;12.472;335.43;89;0.5031;269;0.000678432;53;0.4136;3.72252;12.5023;6.27;9999.00;
15/06/2019 18:10:01.381;110;-12837.493;5123.648;9.673;12.054;337.99;147;1.2513;263;0.000660096;63;1.4476;3.68809;12.0791;9.39;9999.00;
15/06/2019 18:10:31.388;100;-12837.493;5123.648;13.549;11.176;328.43;126;0.9804;188;0.000430896;63;1.4476;3.62099;11.2627;15.59;9999.00;
15/06/2019 18:11:01.397;100;-12837.493;5123.648;22.042;10.093;306.43;98;0.6192;172;0.000382000;62;1.3442;3.53600;10.1153;21.43;9999.00;
15/06/2019 18:11:31.404;100;-12837.493;5123.648;26.088;9.580;300.58;75;0.3225;137;0.000275040;63;1.4476;3.51254;9.8108;28.07;9999.00;
15/06/2019 18:12:01.410;100;-12837.493;5123.648;34.178;9.403;293.48;73;0.2967;154;0.000326992;64;1.5510;3.48742;9.4577;33.77;9999.00;
15/06/2019 18:12:31.417;100;-12837.493;5123.648;38.033;9.246;287.74;68;0.2322;168;0.000369776;62;1.3442;3.47301;9.2549;40.15;9999.00;
15/06/2019 18:13:01.424;100;-12837.493;5123.648;45.911;9.095;282.10;65;0.1935;141;0.000287264;63;1.4476;3.46162;9.0885;45.77;9999.00;
15/06/2019 18:13:31.431;100;-12837.493;5123.648;49.829;8.948;279.30;63;0.1677;142;0.000290320;63;1.4476;3.45326;8.9542;52.09;9999.00;
15/06/2019 18:14:01.438;100;-12837.493;5123.648;57.749;8.862;276.95;62;0.1548;136;0.000271984;59;1.0340;3.44976;8.9044;57.73;9999.00;
15/06/2019 18:14:31.445;100;-12837.493;5123.648;61.688;8.593;266.35;60;0.1290;133;0.000262816;64;1.5510;3.43483;8.6151;64.11;9999.00;
15/06/2019 18:15:01.463;100;-12837.493;5123.648;69.290;8.412;259.69;58;0.1032;135;0.000268928;62;1.3442;3.42506;8.4301;69.45;9999.00;
15/06/2019 18:15:31.470;100;-12837.493;5123.648;72.826;8.333;254.43;56;0.0774;120;0.000223088;62;1.3442;3.41921;8.3335;75.12;9999.00;
15/06/2019 18:16:01.477;100;-12837.493;5123.648;79.518;8.166;237.26;53;0.0387;111;0.000195584;60;1.1374;3.41857;8.1681;79.83;9999.00;
15/06/2019 18:16:31.483;100;-12837.493;5123.648;82.779;8.018;217.62;54;0.0516;169;0.000372832;58;0.9306;3.42374;8.0199;85.11;9999.00;
15/06/2019 18:17:01.491;100;-12837.493;5123.648;89.215;7.928;202.35;53;0.0387;122;0.000229200;60;1.1374;3.42680;7.9353;89.66;9999.00;
15/06/2019 18:17:31.498;100;-12837.493;5123.648;92.328;7.852;193.24;55;0.0645;123;0.000232256;60;1.1374;3.42849;7.8647;94.73;9999.00;
15/06/2019 18:18:01.506;100;-12837.493;5123.648;98.299;7.782;185.03;53;0.0387;133;0.000262816;62;1.3442;3.42903;7.7884;98.87;9999.00;
15/06/2019 18:18:31.513;100;-12837.493;5123.648;101.094;7.752;182.00;52;0.0258;130;0.000253648;62;1.3442;3.42944;7.7554;103.54;9999.00;
15/06/2019 18:19:01.517;100;-12837.493;5123.648;106.831;7.661;172.57;56;0.0774;127;0.000244480;62;1.3442;3.43060;7.6842;107.61;9999.00;
15/06/2019 18:19:31.525;100;-12837.493;5123.648;109.859;7.590;164.70;51;0.0129;162;0.000351440;64;1.5510;3.42926;7.5917;112.39;9999.00;
15/06/2019 18:20:01.530;100;-12837.493;5123.648;115.639;7.516;159.60;54;0.0516;132;0.000259760;62;1.3442;3.42818;7.5235;116.50;9999.00;
15/06/2019 18:20:31.540;100;-12837.493;5123.648;118.497;7.387;147.04;55;0.0645;126;0.000241424;62;1.3442;3.42690;7.3932;121.16;9999.00;
15/06/2019 18:21:01.545;100;-12837.493;5123.648;123.916;7.276;139.19;55;0.0645;139;0.000281152;62;1.3442;3.42452;7.2883;124.93;9999.00;
15/06/2019 18:21:31.551;100;-12837.493;5123.648;126.393;7.122;126.69;54;0.0516;141;0.000287264;60;1.1374;3.42013;7.1210;129.09;9999.00;
15/06/2019 18:22:01.557;100;-12837.493;5123.648;131.707;7.085;123.61;54;0.0516;137;0.000275040;61;1.2408;3.42058;7.0880;132.87;9999.00;
15/06/2019 18:22:31.563;100;-12837.493;5123.648;134.226;6.972;118.31;54;0.0516;140;0.000284208;61;1.2408;3.41580;6.9856;136.90;9999.00;
15/06/2019 18:23:01.570;100;-12837.493;5123.648;138.989;6.942;115.63;55;0.0645;145;0.000299488;60;1.1374;3.41461;6.9466;140.30;9999.00;
15/06/2019 18:23:31.577;100;-12837.493;5123.648;141.381;6.870;112.15;51;0.0129;142;0.000290320;61;1.2408;3.41214;6.8882;144.25;9999.00;
15/06/2019 18:24:01.584;100;-12837.493;5123.648;146.377;6.805;109.37;54;0.0516;139;0.000281152;61;1.2408;3.40884;6.8133;147.77;9999.00;
15/06/2019 18:24:31.592;100;-12837.493;5123.648;148.663;6.787;108.19;55;0.0645;138;0.000278096;59;1.0340;3.40728;6.7890;151.64;9999.00;
15/06/2019 18:25:01.598;100;-12837.493;5123.648;153.447;6.786;108.18;55;0.0645;148;0.000308656;62;1.3442;3.40714;6.7889;154.90;9999.00;
15/06/2019 18:25:31.606;100;-12837.493;5123.648;155.627;6.750;107.00;54;0.0516;155;0.000330048;61;1.2408;3.40538;6.7504;158.59;9999.00;
15/06/2019 18:26:01.612;100;-12837.493;5123.648;160.115;6.664;104.11;56;0.0774;137;0.000275040;63;1.4476;3.40158;6.6740;161.75;9999.00;
15/06/2019 18:26:31.619;100;-12837.493;5123.648;162.380;6.599;101.85;54;0.0516;149;0.000311712;64;1.5510;3.39767;6.6000;165.31;9999.00;
15/06/2019 18:27:01.626;100;-12837.493;5123.648;166.613;6.544;97.99;54;0.0516;157;0.000336160;63;1.4476;3.39359;6.5489;168.34;9999.00;
15/06/2019 18:27:31.641;100;-12837.493;5123.648;168.751;6.525;97.59;50;0.0000;163;0.000354496;64;1.5510;3.39218;6.5280;171.77;9999.00;
15/06/2019 18:28:01.649;100;-12837.493;5123.648;172.963;6.466;94.71;54;0.0516;172;0.000382000;61;1.2408;3.38791;6.4724;174.77;9999.00;
15/06/2019 18:28:31.654;100;-12837.493;5123.648;175.079;6.372;91.26;52;0.0258;191;0.000440064;61;1.2408;3.38077;6.3759;178.19;9999.00;
15/06/2019 18:29:01.661;100;-12837.493;5123.648;179.291;6.193;85.54;53;0.0387;201;0.000470624;61;1.2408;3.36953;6.2224;181.17;9999.00;
15/06/2019 18:29:31.667;100;-12837.493;5123.648;181.365;6.153;83.89;51;0.0129;200;0.000467568;62;1.3442;3.36426;6.1523;184.50;9999.00;
15/06/2019 18:30:01.674;100;-12837.493;5123.648;185.429;6.106;82.79;55;0.0645;217;0.000519520;64;1.5510;3.36174;6.1180;187.41;9999.00;
15/06/2019 18:30:31.680;100;-12837.493;5123.648;187.482;6.076;81.73;53;0.0387;238;0.000583696;62;1.3442;3.35887;6.0796;190.68;9999.00;
15/06/2019 18:31:01.687;100;-12837.493;5123.648;191.524;6.053;80.75;56;0.0774;231;0.000562304;62;1.3442;3.35700;6.0556;193.60;9999.00;
15/06/2019 18:31:31.693;100;-12837.493;5123.648;193.641;6.044;80.28;54;0.0516;280;0.000712048;61;1.2408;3.35628;6.0449;197.12;9999.00;
15/06/2019 18:32:01.700;118;-12837.493;5123.648;196.307;6.042;80.06;56;0.0774;283;0.000721216;63;1.4476;3.35603;6.0438;197.60;9999.00;
15/06/2019 18:32:31.707;118;-12837.493;5123.648;192.582;6.042;80.21;55;0.0645;267;0.000672320;63;1.4476;3.35627;6.0508;193.28;9999.00;
15/06/2019 18:33:01.713;117;-12837.493;5123.648;186.318;6.119;82.02;51;0.0129;211;0.000501184;59;1.0340;3.36059;6.1142;187.17;9999.00;
15/06/2019 18:33:31.720;117;-12837.493;5123.648;181.217;6.269;85.62;54;0.0516;194;0.000449232;59;1.0340;3.36941;6.2401;179.78;9999.00;
15/06/2019 18:34:01.729;117;-12837.493;5123.648;172.053;6.532;97.41;55;0.0645;149;0.000311712;62;1.3442;3.39138;6.5337;173.22;9999.00;
15/06/2019 18:34:31.734;117;-12837.493;5123.648;167.417;6.650;102.13;55;0.0645;129;0.000250592;61;1.2408;3.40052;6.6472;165.78;9999.00;
15/06/2019 18:35:01.746;117;-12837.493;5123.648;158.591;6.712;104.91;55;0.0645;141;0.000287264;64;1.5510;3.40272;6.7118;159.45;9999.00;
15/06/2019 18:35:31.753;117;-12837.493;5123.648;154.484;6.777;107.25;53;0.0387;153;0.000323936;60;1.1374;3.40599;6.7782;152.95;9999.00;
15/06/2019 18:36:01.758;117;-12837.493;5123.648;145.954;6.901;109.90;54;0.0516;150;0.000314768;63;1.4476;3.41175;6.9022;146.71;9999.00;
15/06/2019 18:36:31.765;117;-12837.493;5123.648;141.910;6.972;115.54;55;0.0645;137;0.000275040;60;1.1374;3.41489;6.9800;140.18;9999.00;
15/06/2019 18:37:01.769;117;-12837.493;5123.648;134.036;7.045;120.39;51;0.0129;145;0.000299488;63;1.4476;3.41651;7.0397;134.57;9999.00;
15/06/2019 18:37:31.776;117;-12837.493;5123.648;129.886;7.160;128.57;52;0.0258;154;0.000326992;59;1.0340;3.41920;7.1675;128.04;9999.00;
15/06/2019 18:38:01.782;117;-12837.493;5123.648;122.223;7.393;145.75;57;0.0903;134;0.000265872;60;1.1374;3.42531;7.3912;122.57;9999.00;
15/06/2019 18:38:31.789;117;-12837.493;5123.648;118.433;7.648;168.38;54;0.0516;126;0.000241424;61;1.2408;3.42903;7.6537;116.42;9999.00;
15/06/2019 18:39:01.796;117;-12837.493;5123.648;111.658;7.730;177.01;54;0.0516;130;0.000253648;60;1.1374;3.42891;7.7227;111.81;9999.00;
15/06/2019 18:39:31.803;117;-12837.493;5123.648;108.356;7.772;182.73;54;0.0516;125;0.000238368;61;1.2408;3.42807;7.7802;106.60;9999.00;
15/06/2019 18:40:01.810;117;-12837.493;5123.648;102.110;7.815;187.95;53;0.0387;136;0.000271984;61;1.2408;3.42749;7.8211;102.14;9999.00;
15/06/2019 18:40:31.819;117;-12837.493;5123.648;98.870;7.847;190.75;52;0.0258;132;0.000259760;59;1.0340;3.42699;7.8536;96.95;9999.00;
15/06/2019 18:41:01.823;117;-12837.493;5123.648;92.582;7.963;205.99;53;0.0387;128;0.000247536;61;1.2408;3.42514;7.9397;92.49;9999.00;
15/06/2019 18:41:31.832;117;-12837.493;5123.648;89.597;8.014;214.29;53;0.0387;124;0.000235312;60;1.1374;3.42234;8.0200;87.66;9999.00;
15/06/2019 18:42:01.838;117;-12837.493;5123.648;83.837;8.047;218.87;53;0.0387;137;0.000275040;59;1.0340;3.42107;8.0479;83.62;9999.00;
15/06/2019 18:42:31.845;117;-12837.493;5123.648;80.915;8.185;237.46;57;0.0903;117;0.000213920;61;1.2408;3.41673;8.1815;78.84;9999.00;
15/06/2019 18:43:01.851;117;-12837.493;5123.648;75.050;8.258;248.42;55;0.0645;119;0.000220032;61;1.2408;3.41647;8.2664;74.69;9999.00;
15/06/2019 18:43:31.858;117;-12837.493;5123.648;72.128;8.311;251.05;57;0.0903;159;0.000342272;61;1.2408;3.41728;8.3176;69.95;9999.00;
15/06/2019 18:44:01.864;117;-12837.493;5123.648;66.241;8.411;253.02;58;0.1032;122;0.000229200;61;1.2408;3.41867;8.3784;65.75;9999.00;
15/06/2019 18:44:31.872;117;-12837.493;5123.648;63.382;8.673;270.47;63;0.1677;131;0.000256704;61;1.2408;3.43477;8.6710;61.21;9999.00;
15/06/2019 18:45:01.885;117;-12837.493;5123.648;58.194;8.864;274.35;61;0.1419;148;0.000308656;60;1.1374;3.44578;8.8754;57.56;9999.00;
15/06/2019 18:45:31.891;117;-12837.493;5123.648;55.801;8.949;277.78;66;0.2064;139;0.000281152;61;1.2408;3.45156;8.9629;53.72;9999.00;
15/06/2019 18:46:01.898;117;-12837.493;5123.648;51.184;9.011;279.04;66;0.2064;143;0.000293376;60;1.1374;3.45433;9.0159;50.47;9999.00;
15/06/2019 18:46:31.906;117;-12837.493;5123.648;48.897;9.045;280.47;62;0.1548;151;0.000317824;63;1.4476;3.45680;9.0529;46.78;9999.00;
15/06/2019 18:47:01.912;117;-12837.493;5123.648;44.386;9.063;281.02;68;0.2322;143;0.000293376;60;1.1374;3.45776;9.0671;43.56;9999.00;
15/06/2019 18:47:31.918;117;-12837.493;5123.648;42.163;9.167;281.93;71;0.2709;140;0.000284208;63;1.4476;3.46380;9.1636;39.86;9999.00;
15/06/2019 18:48:01.924;117;-12837.493;5123.648;37.758;9.342;287.60;70;0.2580;147;0.000305600;61;1.2408;3.47587;9.3481;36.79;9999.00;
15/06/2019 18:48:31.932;117;-12837.493;5123.648;35.661;9.381;289.05;73;0.2967;153;0.000323936;63;1.4476;3.47893;9.3844;33.36;9999.00;
15/06/2019 18:49:01.938;117;-12837.493;5123.648;31.446;9.485;290.90;82;0.4128;142;0.000290320;61;1.2408;3.48445;9.4770;30.38;9999.00;
15/06/2019 18:49:31.945;117;-12837.493;5123.648;29.307;9.868;297.39;81;0.3999;161;0.000348384;61;1.2408;3.51301;9.8908;26.85;9999.00;
15/06/2019 18:50:01.950;117;-12837.493;5123.648;25.071;9.944;300.37;94;0.5676;187;0.000427840;63;1.4476;3.51895;9.9517;23.94;9999.00;
15/06/2019 18:50:31.957;117;-12837.493;5123.648;23.080;10.063;301.91;95;0.5805;162;0.000351440;62;1.3442;3.52742;10.0724;20.60;9999.00;
15/06/2019 18:51:01.963;117;-12837.493;5123.648;19.014;10.298;309.07;116;0.8514;167;0.000366720;64;1.5510;3.54488;10.3033;17.72;9999.00;
15/06/2019 18:51:31.970;117;-12837.493;5123.648;17.065;10.710;318.92;125;0.9675;192;0.000443120;60;1.1374;3.57703;10.7399;14.71;9999.00;
15/06/2019 18:52:01.976;117;-12837.493;5123.648;13.761;11.255;325.47;117;0.8643;207;0.000488960;63;1.4476;3.61717;11.2635;12.43;9999.00;
15/06/2019 18:52:31.983;117;-12837.493;5123.648;12.151;11.589;330.49;123;0.9417;210;0.000498128;62;1.3442;3.64389;11.5951;9.74;9999.00;
15/06/2019 18:53:01.988;117;-12837.493;5123.648;8.699;12.086;335.80;92;0.5418;264;0.000663152;59;1.0340;3.68663;12.0996;7.23;9999.00;
