PLD_REALTIMECLOCK;NAV_RESOURCE;NAV_LONGITUDE;NAV_LATITUDE;NAV_DEPTH;AROD_FT_TEMP;AROD_FT_DO;FLBBCD_CHL_COUNT;FLBBCD_CHL_SCALED;FLBBCD_BB_700_COUNT;FLBBCD_BB_700_SCALED;FLBBCD_CDOM_COUNT;FLBBCD_CDOM_SCALED;GPCTD_CONDUCTIVITY;GPCTD_TEMPERATURE;GPCTD_PRESSURE;GPCTD_DOF;
16/06/2019 03:42:41.093;115;-12841.823;5122.842;7.788;12.632;336.69;103;0.6837;275;0.000696768;59;1.0340;3.72902;12.5396;8.94;9999.00;
16/06/2019 03:43:11.102;115;-12841.823;5122.842;2.238;13.382;329.71;103;0.6837;255;0.000635648;60;1.1374;3.80634;13.4492;2.03;9999.00;
16/06/2019 03:43:41.108;116;-12841.823;5122.842;1.560;13.420;329.34;107;0.7353;247;0.000611200;61;1.2408;3.80728;13.4404;0.20;9999.00;
16/06/2019 03:44:11.118;116;-12841.823;5122.842;1.327;13.444;329.70;99;0.6321;253;0.000629536;63;1.4476;3.80784;13.4423;0.16;9999.00;
16/06/2019 03:44:41.125;116;-12841.823;5122.842;1.370;13.451;329.73;105;0.7095;265;0.000666208;59;1.0340;3.80930;13.4570;0.10;9999.00;
16/06/2019 03:45:11.131;116;-12841.823;5122.842;1.370;13.452;329.69;104;0.6966;260;0.000650928;60;1.1374;3.80957;13.4575;0.17;9999.00;
16/06/2019 03:45:41.138;116;-12841.823;5122.842;1.306;13.452;329.53;106;0.7224;266;0.000669264;58;0.9306;3.80967;13.4581;0.17;9999.00;
16/06/2019 03:46:11.145;116;-12841.823;5122.842;1.370;13.444;329.67;100;0.6450;256;0.000638704;61;1.2408;3.80930;13.4529;0.39;9999.00;
16/06/2019 03:46:41.152;116;-12841.823;5122.842;1.285;13.444;329.47;101;0.6579;255;0.000635648;57;0.8272;3.80884;13.4470;0.22;9999.00;
16/06/2019 03:47:11.161;116;-12841.823;5122.842;1.327;13.441;329.88;107;0.7353;245;0.000605088;58;0.9306;3.80856;13.4431;0.33;9999.00;
16/06/2019 03:47:41.168;116;-12841.823;5122.842;1.349;13.450;329.82;106;0.7224;251;0.000623424;60;1.1374;3.80949;13.4545;0.12;9999.00;
16/06/2019 03:48:11.175;116;-12841.823;5122.842;1.349;13.444;330.05;103;0.6837;249;0.000617312;60;1.1374;3.80907;13.4493;0.18;9999.00;
16/06/2019 03:48:41.182;116;-12841.823;5122.842;1.349;13.444;329.89;105;0.7095;257;0.000641760;59;1.0340;3.80853;13.4432;0.14;9999.00;
16/06/2019 03:49:11.189;116;-12841.823;5122.842;1.349;13.440;329.84;100;0.6450;238;0.000583696;61;1.2408;3.80861;13.4441;0.21;9999.00;
16/06/2019 03:49:40.840;116;-12841.619;5123.614;1.327;13.442;329.76;104;0.6966;267;0.000672320;60;1.1374;3.80877;13.4458;0.17;9999.00;
16/06/2019 03:50:10.847;116;-12841.617;5123.622;1.306;13.435;330.25;108;0.7482;262;0.000657040;57;0.8272;3.80809;13.4386;0.23;9999.00;
16/06/2019 03:50:40.854;116;-12841.614;5123.614;1.327;13.443;330.23;102;0.6708;242;0.000595920;63;1.4476;3.80862;13.4452;0.10;9999.00;
16/06/2019 03:51:10.861;116;-12841.611;5123.612;1.285;13.441;330.18;107;0.7353;248;0.000614256;60;1.1374;3.80821;13.4390;0.19;9999.00;
16/06/2019 03:51:40.868;116;-12841.609;5123.611;1.264;13.440;329.87;112;0.7998;258;0.000644816;59;1.0340;3.80864;13.4449;0.09;9999.00;
16/06/2019 03:52:10.875;116;-12841.609;5123.611;1.349;13.436;330.02;103;0.6837;258;0.000644816;60;1.1374;3.80838;13.4418;0.15;9999.00;
16/06/2019 03:52:40.881;116;-12841.604;5123.613;1.306;13.439;330.09;101;0.6579;266;0.000669264;60;1.1374;3.80878;13.4465;0.07;9999.00;
16/06/2019 03:53:10.888;116;-12841.604;5123.613;1.306;13.431;330.46;107;0.7353;255;0.000635648;61;1.2408;3.80783;13.4349;0.09;9999.00;
16/06/2019 03:53:40.895;116;-12841.604;5123.613;1.327;13.433;330.25;100;0.6450;259;0.000647872;64;1.5510;3.80802;13.4376;0.33;9999.00;
16/06/2019 03:54:10.901;116;-12841.598;5123.608;1.285;13.429;330.28;102;0.6708;253;0.000629536;60;1.1374;3.80748;13.4312;0.06;9999.00;
16/06/2019 03:54:40.910;116;-12841.594;5123.607;1.306;13.427;330.52;102;0.6708;253;0.000629536;63;1.4476;3.80714;13.4269;0.08;9999.00;
16/06/2019 03:55:10.915;110;-12841.591;5123.605;1.349;13.424;330.66;104;0.6966;248;0.000614256;61;1.2408;3.80761;13.4329;0.12;9999.00;
16/06/2019 03:55:40.922;110;-12841.591;5123.605;2.556;13.143;333.38;104;0.6966;251;0.000623424;59;1.0340;3.79713;13.3205;2.74;9999.00;
16/06/2019 03:56:10.971;110;-12841.591;5123.605;11.156;12.373;340.97;131;1.0449;256;0.000638704;63;1.4476;3.71858;12.3919;11.84;9999.00;
16/06/2019 03:56:40.977;100;-12841.591;5123.605;16.578;12.091;339.61;132;1.0578;194;0.000449232;62;1.3442;3.69818;12.1728;18.46;9999.00;
16/06/2019 03:57:10.986;100;-12841.591;5123.605;24.669;10.886;335.38;151;1.3029;176;0.000394224;63;1.4476;3.61201;11.1492;24.58;9999.00;
16/06/2019 03:57:40.993;100;-12841.591;5123.605;28.481;10.532;310.65;132;1.0578;170;0.000375888;62;1.3442;3.57042;10.5763;29.87;9999.00;
16/06/2019 03:58:11.000;100;-12841.591;5123.605;35.597;10.373;308.69;105;0.7095;155;0.000330048;64;1.5510;3.55565;10.3910;35.59;9999.00;
16/06/2019 03:58:41.006;100;-12841.591;5123.605;39.092;9.872;308.95;84;0.4386;150;0.000314768;63;1.4476;3.52396;9.9640;40.66;9999.00;
16/06/2019 03:59:11.013;100;-12841.591;5123.605;46.144;9.497;301.12;76;0.3354;138;0.000278096;61;1.2408;3.49105;9.5406;46.35;9999.00;
16/06/2019 03:59:41.019;100;-12841.591;5123.605;49.532;9.263;291.39;70;0.2580;137;0.000275040;61;1.2408;3.47260;9.2809;51.14;9999.00;
16/06/2019 04:00:11.025;100;-12841.591;5123.605;56.203;8.971;284.03;64;0.1806;134;0.000265872;61;1.2408;3.45086;8.9746;56.52;9999.00;
16/06/2019 04:00:41.032;100;-12841.591;5123.605;59.486;8.712;276.73;61;0.1419;173;0.000385056;60;1.1374;3.43157;8.7287;61.14;9999.00;
16/06/2019 04:01:11.038;100;-12841.591;5123.605;65.987;8.624;274.54;58;0.1032;123;0.000232256;61;1.2408;3.42572;8.6237;66.45;9999.00;
16/06/2019 04:01:41.045;100;-12841.591;5123.605;69.438;8.436;258.58;54;0.0516;119;0.000220032;60;1.1374;3.42397;8.4760;71.27;9999.00;
16/06/2019 04:02:11.054;100;-12841.591;5123.605;76.066;8.293;242.52;54;0.0516;136;0.000271984;60;1.1374;3.42291;8.2956;76.68;9999.00;
16/06/2019 04:02:41.061;100;-12841.591;5123.605;79.306;8.176;230.21;57;0.0903;127;0.000244480;59;1.0340;3.42361;8.2173;81.20;9999.00;
16/06/2019 04:03:11.066;100;-12841.591;5123.605;85.531;7.933;196.61;55;0.0645;133;0.000262816;60;1.1374;3.42863;7.9388;86.28;9999.00;
16/06/2019 04:03:41.073;100;-12841.591;5123.605;88.517;7.870;188.27;54;0.0516;146;0.000302544;60;1.1374;3.42868;7.8776;90.47;9999.00;
16/06/2019 04:04:11.080;100;-12841.591;5123.605;94.170;7.803;184.48;52;0.0258;149;0.000311712;61;1.2408;3.42852;7.8197;95.01;9999.00;
16/06/2019 04:04:41.085;100;-12841.591;5123.605;96.986;7.652;168.36;56;0.0774;139;0.000281152;59;1.0340;3.42979;7.6925;99.01;9999.00;
16/06/2019 04:05:11.092;100;-12841.591;5123.605;102.449;7.553;162.84;56;0.0774;128;0.000247536;61;1.2408;3.42551;7.5542;103.45;9999.00;
16/06/2019 04:05:41.098;100;-12841.591;5123.605;105.053;7.499;158.38;55;0.0645;137;0.000275040;58;0.9306;3.42381;7.5061;107.17;9999.00;
16/06/2019 04:06:11.104;100;-12841.591;5123.605;110.176;7.410;150.99;52;0.0258;157;0.000336160;60;1.1374;3.42341;7.4142;111.24;9999.00;
16/06/2019 04:06:41.111;100;-12841.591;5123.605;112.653;7.267;134.65;56;0.0774;137;0.000275040;59;1.0340;3.42352;7.2732;114.74;9999.00;
16/06/2019 04:07:11.118;100;-12841.591;5123.605;117.290;7.229;131.18;56;0.0774;150;0.000314768;61;1.2408;3.42401;7.2340;118.54;9999.00;
16/06/2019 04:07:41.123;100;-12841.591;5123.605;119.661;7.206;127.18;54;0.0516;148;0.000308656;63;1.4476;3.42535;7.2085;121.71;9999.00;
16/06/2019 04:08:11.130;100;-12841.591;5123.605;123.980;7.114;116.93;54;0.0516;160;0.000345328;63;1.4476;3.42535;7.1158;125.28;9999.00;
16/06/2019 04:08:41.150;100;-12841.591;5123.605;126.160;7.100;115.33;55;0.0645;148;0.000308656;60;1.1374;3.42553;7.1017;128.47;9999.00;
16/06/2019 04:09:11.157;100;-12841.591;5123.605;130.712;7.091;114.76;52;0.0258;325;0.000849568;61;1.2408;3.42569;7.0974;132.17;9999.00;
16/06/2019 04:09:41.166;100;-12841.591;5123.605;133.062;7.088;113.68;55;0.0645;160;0.000345328;63;1.4476;3.42655;7.0909;135.43;9999.00;
16/06/2019 04:10:11.173;100;-12841.591;5123.605;137.592;7.075;112.48;53;0.0387;141;0.000287264;61;1.2408;3.42784;7.0793;139.12;9999.00;
16/06/2019 04:10:41.179;100;-12841.591;5123.605;139.815;7.023;110.61;54;0.0516;153;0.000323936;62;1.3442;3.42642;7.0320;142.26;9999.00;
16/06/2019 04:11:11.195;100;-12841.591;5123.605;144.175;6.978;109.31;55;0.0645;154;0.000326992;60;1.1374;3.42324;6.9798;145.75;9999.00;
16/06/2019 04:11:41.202;100;-12841.591;5123.605;146.250;6.948;108.50;52;0.0258;139;0.000281152;61;1.2408;3.42168;6.9537;148.80;9999.00;
16/06/2019 04:12:11.212;100;-12841.591;5123.605;150.547;6.907;107.75;52;0.0258;145;0.000299488;63;1.4476;3.41845;6.9107;152.26;9999.00;
16/06/2019 04:12:41.219;100;-12841.591;5123.605;152.685;6.775;106.36;52;0.0258;161;0.000348384;63;1.4476;3.40842;6.7826;155.30;9999.00;
16/06/2019 04:13:11.226;100;-12841.591;5123.605;156.791;6.749;105.78;52;0.0258;175;0.000391168;62;1.3442;3.40622;6.7514;158.70;9999.00;
16/06/2019 04:13:41.230;100;-12841.591;5123.605;158.972;6.713;105.09;53;0.0387;144;0.000296432;59;1.0340;3.40412;6.7192;161.69;9999.00;
16/06/2019 04:14:11.237;100;-12841.591;5123.605;163.205;6.669;103.93;56;0.0774;158;0.000339216;62;1.3442;3.40136;6.6805;165.12;9999.00;
16/06/2019 04:14:41.244;100;-12841.591;5123.605;165.216;6.542;99.08;53;0.0387;159;0.000342272;60;1.1374;3.39269;6.5537;168.02;9999.00;
16/06/2019 04:15:11.250;100;-12841.591;5123.605;169.470;6.457;95.04;57;0.0903;178;0.000400336;63;1.4476;3.38682;6.4709;171.35;9999.00;
16/06/2019 04:15:41.257;100;-12841.591;5123.605;171.523;6.313;90.04;56;0.0774;195;0.000452288;64;1.5510;3.37696;6.3257;174.30;9999.00;
16/06/2019 04:16:11.263;100;-12841.591;5123.605;175.503;6.251;89.12;52;0.0258;171;0.000378944;58;0.9306;3.37197;6.2521;177.55;9999.00;
16/06/2019 04:16:41.269;100;-12841.591;5123.605;177.365;6.117;86.82;54;0.0516;186;0.000424784;65;1.6544;3.36247;6.1204;180.43;9999.00;
16/06/2019 04:17:11.277;100;-12841.591;5123.605;181.598;6.077;84.42;52;0.0258;206;0.000485904;61;1.2408;3.35876;6.0765;183.77;9999.00;
16/06/2019 04:17:41.282;100;-12841.591;5123.605;183.630;6.061;83.92;51;0.0129;207;0.000488960;63;1.4476;3.35778;6.0652;186.71;9999.00;
16/06/2019 04:18:11.289;100;-12841.591;5123.605;187.736;6.052;83.43;52;0.0258;224;0.000540912;63;1.4476;3.35672;6.0516;190.06;9999.00;
16/06/2019 04:18:41.296;100;-12841.591;5123.605;189.768;6.054;83.35;57;0.0903;223;0.000537856;61;1.2408;3.35704;6.0564;192.87;9999.00;
16/06/2019 04:19:11.302;100;-12841.591;5123.605;193.895;6.043;82.98;54;0.0516;265;0.000666208;61;1.2408;3.35624;6.0452;196.20;9999.00;
16/06/2019 04:19:41.309;100;-12841.591;5123.605;195.863;6.035;82.84;54;0.0516;283;0.000721216;62;1.3442;3.35594;6.0401;199.11;9999.00;
16/06/2019 04:20:11.318;100;-12841.591;5123.605;199.863;6.034;82.58;54;0.0516;273;0.000690656;61;1.2408;3.35572;6.0369;202.23;9999.00;
16/06/2019 04:20:41.323;118;-12841.591;5123.605;202.677;6.034;82.51;55;0.0645;269;0.000678432;62;1.3442;3.35576;6.0366;204.59;9999.00;
16/06/2019 04:21:11.338;118;-12841.591;5123.605;200.392;6.034;82.60;54;0.0516;281;0.000715104;61;1.2408;3.35559;6.0372;201.11;9999.00;
16/06/2019 04:21:41.345;118;-12841.591;5123.605;196.413;6.038;82.62;53;0.0387;258;0.000644816;63;1.4476;3.35535;6.0377;195.28;9999.00;
16/06/2019 04:22:11.352;117;-12841.591;5123.605;187.440;6.063;83.70;54;0.0516;205;0.000482848;63;1.4476;3.35739;6.0687;188.25;9999.00;
16/06/2019 04:22:41.359;117;-12841.591;5123.605;183.143;6.106;84.66;55;0.0645;183;0.000415616;63;1.4476;3.35899;6.0926;182.13;9999.00;
16/06/2019 04:23:11.365;117;-12841.591;5123.605;174.529;6.311;89.04;54;0.0516;175;0.000391168;62;1.3442;3.37393;6.3094;175.13;9999.00;
16/06/2019 04:23:41.379;117;-12841.591;5123.605;170.021;6.506;94.92;51;0.0129;167;0.000366720;62;1.3442;3.38497;6.4728;168.79;9999.00;
16/06/2019 04:24:11.384;117;-12841.591;5123.605;161.364;6.698;103.54;56;0.0774;142;0.000290320;64;1.5510;3.40148;6.7081;161.74;9999.00;
16/06/2019 04:24:41.391;117;-12841.591;5123.605;157.109;6.779;105.52;54;0.0516;141;0.000287264;60;1.1374;3.40531;6.7596;155.78;9999.00;
16/06/2019 04:25:11.397;117;-12841.591;5123.605;148.557;6.951;107.40;58;0.1032;161;0.000348384;59;1.0340;3.42010;6.9549;148.83;9999.00;
16/06/2019 04:25:41.404;117;-12841.591;5123.605;144.366;7.026;109.29;55;0.0645;156;0.000333104;60;1.1374;3.42330;7.0049;142.90;9999.00;
16/06/2019 04:26:11.411;117;-12841.591;5123.605;136.068;7.087;113.38;55;0.0645;154;0.000326992;62;1.3442;3.42501;7.0941;136.15;9999.00;
16/06/2019 04:26:41.419;117;-12841.591;5123.605;131.834;7.096;114.63;54;0.0516;154;0.000326992;61;1.2408;3.42438;7.1016;130.25;9999.00;
16/06/2019 04:27:11.433;117;-12841.591;5123.605;123.641;7.206;125.01;53;0.0387;143;0.000293376;61;1.2408;3.42412;7.2104;123.46;9999.00;
16/06/2019 04:27:41.440;117;-12841.591;5123.605;119.174;7.275;135.55;52;0.0258;150;0.000314768;60;1.1374;3.42136;7.2622;117.17;9999.00;
16/06/2019 04:28:11.446;117;-12841.591;5123.605;110.367;7.437;150.87;53;0.0387;131;0.000256704;59;1.0340;3.42190;7.4301;110.06;9999.00;
16/06/2019 04:28:41.453;117;-12841.591;5123.605;106.323;7.552;159.00;51;0.0129;140;0.000284208;60;1.1374;3.42587;7.5478;104.33;9999.00;
16/06/2019 04:29:11.461;117;-12841.591;5123.605;98.786;7.659;165.48;55;0.0645;144;0.000296432;61;1.2408;3.42799;7.6442;98.31;9999.00;
16/06/2019 04:29:41.468;117;-12841.591;5123.605;95.229;7.795;179.59;56;0.0774;142;0.000290320;63;1.4476;3.42741;7.7987;93.26;9999.00;
16/06/2019 04:30:11.476;117;-12841.591;5123.605;88.580;7.839;183.73;53;0.0387;148;0.000308656;63;1.4476;3.42711;7.8459;88.00;9999.00;
16/06/2019 04:30:41.482;117;-12841.591;5123.605;85.425;7.990;204.13;55;0.0645;139;0.000281152;60;1.1374;3.42429;7.9808;83.53;9999.00;
16/06/2019 04:31:11.490;117;-12841.591;5123.605;78.988;8.150;224.38;58;0.1032;132;0.000259760;62;1.3442;3.42151;8.1404;78.32;9999.00;
16/06/2019 04:31:41.496;117;-12841.591;5123.605;76.151;8.314;253.54;52;0.0258;122;0.000229200;63;1.4476;3.41499;8.2876;74.24;9999.00;
16/06/2019 04:32:11.505;117;-12841.591;5123.605;70.815;8.391;264.75;57;0.0903;117;0.000213920;60;1.1374;3.41242;8.4029;70.06;9999.00;
16/06/2019 04:32:41.512;117;-12841.591;5123.605;68.316;8.597;273.32;59;0.1161;117;0.000213920;60;1.1374;3.42081;8.5921;66.47;9999.00;
16/06/2019 04:33:11.518;117;-12841.591;5123.605;63.276;8.666;277.70;57;0.0903;121;0.000226144;60;1.1374;3.42422;8.6752;62.42;9999.00;
16/06/2019 04:33:41.525;117;-12841.591;5123.605;60.735;8.799;279.29;58;0.1032;121;0.000226144;63;1.4476;3.43038;8.7878;58.84;9999.00;
16/06/2019 04:34:11.532;117;-12841.591;5123.605;55.949;8.851;280.69;62;0.1548;126;0.000241424;60;1.1374;3.43531;8.8608;54.96;9999.00;
16/06/2019 04:34:41.539;117;-12841.591;5123.605;53.641;8.964;282.57;63;0.1677;128;0.000247536;61;1.2408;3.44298;8.9746;51.65;9999.00;
16/06/2019 04:35:11.552;117;-12841.591;5123.605;48.876;9.086;285.00;69;0.2451;139;0.000281152;62;1.3442;3.45160;9.0836;47.84;9999.00;
16/06/2019 04:35:41.559;117;-12841.591;5123.605;46.568;9.374;286.64;67;0.2193;128;0.000247536;63;1.4476;3.46978;9.3352;44.50;9999.00;
16/06/2019 04:36:11.566;117;-12841.591;5123.605;41.972;9.585;295.98;77;0.3483;143;0.000293376;61;1.2408;3.49123;9.5971;40.73;9999.00;
16/06/2019 04:36:41.572;117;-12841.591;5123.605;39.727;9.636;298.24;80;0.3870;151;0.000317824;62;1.3442;3.49400;9.6377;37.61;9999.00;
16/06/2019 04:37:11.581;117;-12841.591;5123.605;35.449;9.886;305.20;87;0.4773;158;0.000339216;61;1.2408;3.51376;9.9034;34.15;9999.00;
16/06/2019 04:37:41.582;117;-12841.591;5123.605;33.374;10.002;308.27;94;0.5676;153;0.000323936;62;1.3442;3.52182;10.0172;31.20;9999.00;
16/06/2019 04:38:11.603;117;-12841.591;5123.605;29.244;10.249;304.80;105;0.7095;154;0.000326992;64;1.5510;3.54109;10.2615;27.86;9999.00;
16/06/2019 04:38:41.611;117;-12841.591;5123.605;27.295;10.264;303.45;103;0.6837;157;0.000336160;63;1.4476;3.54241;10.2722;25.03;9999.00;
16/06/2019 04:39:11.616;117;-12841.591;5123.605;23.059;10.518;308.01;139;1.1481;182;0.000412560;64;1.5510;3.55562;10.4569;21.68;9999.00;
16/06/2019 04:39:41.625;117;-12841.591;5123.605;21.238;11.074;326.99;145;1.2255;170;0.000375888;62;1.3442;3.60024;11.0783;18.97;9999.00;
16/06/2019 04:40:11.631;117;-12841.591;5123.605;17.658;11.701;331.42;162;1.4448;214;0.000510352;64;1.5510;3.64653;11.6528;16.10;9999.00;
16/06/2019 04:40:41.638;117;-12841.591;5123.605;16.112;12.022;335.83;159;1.4061;240;0.000589808;64;1.5510;3.68273;12.0495;13.98;9999.00;
16/06/2019 04:41:11.645;117;-12841.591;5123.605;13.189;12.143;337.47;168;1.5222;269;0.000678432;64;1.5510;3.69145;12.1362;11.54;9999.00;
16/06/2019 04:41:41.653;117;-12841.591;5123.605;11.600;12.256;338.88;134;1.0836;271;0.000684544;60;1.1374;3.70278;12.2614;9.24;9999.00;
