PLD_REALTIMECLOCK;NAV_RESOURCE;NAV_LONGITUDE;NAV_LATITUDE;NAV_DEPTH;AROD_FT_TEMP;AROD_FT_DO;FLBBCD_CHL_COUNT;FLBBCD_CHL_SCALED;FLBBCD_BB_700_COUNT;FLBBCD_BB_700_SCALED;FLBBCD_CDOM_COUNT;FLBBCD_CDOM_SCALED;GPCTD_CONDUCTIVITY;GPCTD_TEMPERATURE;GPCTD_PRESSURE;GPCTD_DOF;
13/06/2019 17:50:17.088;115;-12817.750;5141.396;2.535;12.383;364.16;131;1.0449;340;0.000895408;62;1.3442;3.63747;12.4056;1.51;9999.00;
13/06/2019 17:50:47.094;115;-12817.750;5141.396;1.031;12.401;363.17;124;0.9546;285;0.000727328;67;1.8612;3.63456;12.4196;0.19;9999.00;
13/06/2019 17:51:17.102;116;-12817.750;5141.396;1.073;12.406;364.22;114;0.8256;287;0.000733440;61;1.2408;3.63196;12.4139;0.18;9999.00;
13/06/2019 17:51:47.108;116;-12817.750;5141.396;1.052;12.425;363.59;110;0.7740;281;0.000715104;58;0.9306;3.63742;12.4395;0.48;9999.00;
13/06/2019 17:52:17.039;116;-12817.829;5141.308;1.052;12.426;363.22;111;0.7869;300;0.000773168;62;1.3442;3.63965;12.4539;0.16;9999.00;
13/06/2019 17:52:47.054;116;-12817.831;5141.306;1.031;12.437;363.03;108;0.7482;284;0.000724272;57;0.8272;3.64287;12.4629;0.28;9999.00;
13/06/2019 17:53:17.060;116;-12817.833;5141.301;1.158;12.426;363.25;109;0.7611;281;0.000715104;65;1.6544;3.64629;12.4554;0.74;9999.00;
13/06/2019 17:53:47.067;116;-12817.833;5141.301;1.158;12.436;363.25;103;0.6837;297;0.000764000;65;1.6544;3.64791;12.4670;0.24;9999.00;
13/06/2019 17:54:17.073;116;-12817.833;5141.301;1.158;12.439;363.39;108;0.7482;296;0.000760944;61;1.2408;3.64876;12.4610;0.13;9999.00;
13/06/2019 17:54:47.079;116;-12817.833;5141.301;1.158;12.438;363.08;108;0.7482;287;0.000733440;68;1.9646;3.64990;12.4495;1.40;9999.00;
13/06/2019 17:55:17.085;116;-12817.833;5141.301;1.158;12.445;362.59;103;0.6837;300;0.000773168;64;1.5510;3.64954;12.4727;0.26;9999.00;
13/06/2019 17:55:47.092;116;-12817.833;5141.301;1.158;12.443;362.89;107;0.7353;266;0.000669264;60;1.1374;3.64981;12.4760;0.20;9999.00;
13/06/2019 17:56:17.097;116;-12817.833;5141.301;1.158;12.433;363.35;108;0.7482;289;0.000739552;68;1.9646;3.64990;12.4613;0.58;9999.00;
13/06/2019 17:56:47.103;116;-12817.833;5141.301;1.158;12.437;363.30;103;0.6837;266;0.000669264;63;1.4476;3.64956;12.4558;0.60;9999.00;
13/06/2019 17:57:17.109;116;-12817.833;5141.301;1.158;12.432;363.45;108;0.7482;287;0.000733440;63;1.4476;3.64952;12.4547;0.24;9999.00;
13/06/2019 17:57:47.116;116;-12817.833;5141.301;1.158;12.433;363.53;102;0.6708;278;0.000705936;62;1.3442;3.64949;12.4603;0.20;9999.00;
13/06/2019 17:58:17.123;116;-12817.861;5141.264;1.094;12.431;363.42;120;0.9030;322;0.000840400;68;1.9646;3.64929;12.4565;0.13;9999.00;
13/06/2019 17:58:47.129;116;-12817.861;5141.260;1.094;12.425;363.77;112;0.7998;303;0.000782336;62;1.3442;3.64910;12.4441;0.45;9999.00;
13/06/2019 17:59:17.143;116;-12817.862;5141.256;1.073;12.416;364.04;112;0.7998;332;0.000870960;64;1.5510;3.64907;12.4268;1.01;9999.00;
13/06/2019 17:59:47.150;116;-12817.865;5141.252;0.989;12.431;363.78;114;0.8256;281;0.000715104;59;1.0340;3.64875;12.4495;0.29;9999.00;
13/06/2019 18:00:17.155;116;-12817.866;5141.249;0.989;12.425;363.41;119;0.8901;309;0.000800672;62;1.3442;3.64905;12.4478;0.19;9999.00;
13/06/2019 18:00:47.162;116;-12817.866;5141.249;0.989;12.424;363.30;117;0.8643;309;0.000800672;62;1.3442;3.64905;12.4462;0.24;9999.00;
13/06/2019 18:01:17.168;116;-12817.866;5141.249;0.989;12.440;363.02;107;0.7353;275;0.000696768;63;1.4476;3.64937;12.4558;0.18;9999.00;
13/06/2019 18:01:47.174;116;-12817.866;5141.249;0.989;12.438;363.23;116;0.8514;301;0.000776224;64;1.5510;3.64963;12.4484;0.65;9999.00;
13/06/2019 18:02:17.180;116;-12817.866;5141.249;0.989;12.433;363.20;110;0.7740;282;0.000718160;58;0.9306;3.64966;12.4483;0.56;9999.00;
13/06/2019 18:02:47.186;116;-12817.866;5141.249;0.989;12.440;362.96;110;0.7740;281;0.000715104;65;1.6544;3.64973;12.4552;0.18;9999.00;
13/06/2019 18:03:17.192;116;-12817.866;5141.249;0.989;12.442;362.81;115;0.8385;281;0.000715104;64;1.5510;3.64980;12.4561;0.28;9999.00;
13/06/2019 18:03:47.198;116;-12817.866;5141.249;0.989;12.438;362.93;112;0.7998;293;0.000751776;61;1.2408;3.64997;12.4494;0.66;9999.00;
13/06/2019 18:04:17.205;116;-12817.866;5141.249;0.989;12.436;363.31;121;0.9159;287;0.000733440;63;1.4476;3.65013;12.4489;0.78;9999.00;
13/06/2019 18:04:47.213;116;-12817.866;5141.249;0.989;12.435;362.90;119;0.8901;292;0.000748720;65;1.6544;3.64992;12.4494;0.57;9999.00;
13/06/2019 18:05:17.219;116;-12817.866;5141.249;0.989;12.437;362.88;116;0.8514;290;0.000742608;68;1.9646;3.64976;12.4533;0.27;9999.00;
13/06/2019 18:05:47.225;116;-12817.866;5141.249;1.094;12.433;362.93;124;0.9546;309;0.000800672;61;1.2408;3.64969;12.4473;0.18;9999.00;
13/06/2019 18:06:17.231;116;-12817.906;5141.198;1.052;12.431;362.51;116;0.8514;291;0.000745664;62;1.3442;3.64978;12.4428;0.50;9999.00;
13/06/2019 18:06:47.237;116;-12817.909;5141.195;1.073;12.431;363.20;121;0.9159;280;0.000712048;65;1.6544;3.64957;12.4488;0.19;9999.00;
13/06/2019 18:07:17.245;116;-12817.913;5141.190;1.031;12.429;363.15;123;0.9417;322;0.000840400;62;1.3442;3.64956;12.4447;0.19;9999.00;
13/06/2019 18:07:47.250;116;-12817.914;5141.188;1.052;12.431;363.12;122;0.9288;279;0.000708992;56;0.7238;3.64943;12.4465;0.18;9999.00;
13/06/2019 18:08:17.256;116;-12817.917;5141.180;1.031;12.432;363.09;124;0.9546;284;0.000724272;67;1.8612;3.64967;12.4515;0.23;9999.00;
13/06/2019 18:08:47.262;116;-12817.920;5141.177;0.989;12.435;362.96;120;0.9030;312;0.000809840;68;1.9646;3.64959;12.4512;0.16;9999.00;
13/06/2019 18:09:17.269;116;-12817.926;5141.171;1.031;12.433;362.75;114;0.8256;297;0.000764000;62;1.3442;3.64966;12.4478;0.20;9999.00;
13/06/2019 18:09:47.276;116;-12817.928;5141.171;1.137;12.432;362.91;119;0.8901;288;0.000736496;67;1.8612;3.64988;12.4421;0.64;9999.00;
13/06/2019 18:10:17.282;116;-12817.931;5141.160;1.094;12.432;363.24;119;0.8901;294;0.000754832;63;1.4476;3.64948;12.4489;0.13;9999.00;
13/06/2019 18:10:47.289;116;-12817.932;5141.156;1.052;12.435;362.79;111;0.7869;278;0.000705936;58;0.9306;3.64979;12.4497;0.25;9999.00;
13/06/2019 18:11:17.295;116;-12817.931;5141.157;1.073;12.434;362.71;112;0.7998;283;0.000721216;62;1.3442;3.65012;12.4460;0.84;9999.00;
13/06/2019 18:11:47.302;116;-12817.940;5141.150;1.306;12.444;362.64;117;0.8643;300;0.000773168;68;1.9646;3.65018;12.4399;1.12;9999.00;
13/06/2019 18:12:17.309;116;-12817.940;5141.147;1.052;12.432;362.94;117;0.8643;277;0.000702880;65;1.6544;3.64995;12.4464;0.54;9999.00;
13/06/2019 18:12:47.316;116;-12817.940;5141.147;1.052;12.433;362.51;110;0.7740;315;0.000819008;60;1.1374;3.64975;12.4397;0.33;9999.00;
13/06/2019 18:13:17.322;116;-12817.940;5141.147;1.052;12.435;362.61;112;0.7998;296;0.000760944;61;1.2408;3.65021;12.4464;0.39;9999.00;
13/06/2019 18:13:47.329;116;-12817.940;5141.147;1.052;12.435;363.05;114;0.8256;300;0.000773168;63;1.4476;3.64999;12.4486;0.11;9999.00;
13/06/2019 18:14:17.337;116;-12817.954;5141.127;1.052;12.431;363.21;124;0.9546;292;0.000748720;63;1.4476;3.64999;12.4445;0.16;9999.00;
13/06/2019 18:14:47.342;116;-12817.959;5141.124;1.073;12.429;363.57;118;0.8772;285;0.000727328;64;1.5510;3.65006;12.4472;0.20;9999.00;
13/06/2019 18:15:17.349;116;-12817.967;5141.116;1.052;12.426;363.04;111;0.7869;277;0.000702880;64;1.5510;3.64981;12.4450;0.24;9999.00;
13/06/2019 18:15:47.355;116;-12817.967;5141.116;1.052;12.429;363.42;115;0.8385;276;0.000699824;60;1.1374;3.64996;12.4465;0.38;9999.00;
13/06/2019 18:16:17.361;116;-12817.974;5141.108;1.052;12.437;362.67;131;1.0449;299;0.000770112;69;2.0680;3.65035;12.4565;0.19;9999.00;
13/06/2019 18:16:47.368;116;-12817.981;5141.099;1.094;12.429;362.91;126;0.9804;300;0.000773168;65;1.6544;3.65061;12.4401;0.90;9999.00;
13/06/2019 18:17:17.375;116;-12817.981;5141.098;1.031;12.433;363.05;111;0.7869;283;0.000721216;67;1.8612;3.65026;12.4527;0.17;9999.00;
13/06/2019 18:17:47.383;116;-12817.988;5141.092;1.391;12.447;362.97;114;0.8256;302;0.000779280;59;1.0340;3.65077;12.4392;1.30;9999.00;
13/06/2019 18:18:17.390;116;-12817.991;5141.089;1.031;12.436;363.28;132;1.0578;315;0.000819008;66;1.7578;3.65012;12.4504;0.16;9999.00;
13/06/2019 18:18:47.395;116;-12817.992;5141.085;1.010;12.430;363.07;114;0.8256;288;0.000736496;64;1.5510;3.65028;12.4470;0.34;9999.00;
13/06/2019 18:19:17.401;116;-12817.992;5141.085;1.391;12.439;362.82;112;0.7998;299;0.000770112;61;1.2408;3.65054;12.4367;0.97;9999.00;
13/06/2019 18:19:47.419;116;-12818.000;5141.071;1.094;12.431;363.29;120;0.9030;281;0.000715104;61;1.2408;3.64992;12.4474;0.12;9999.00;
13/06/2019 18:20:17.425;116;-12818.002;5141.067;1.010;12.432;363.27;112;0.7998;282;0.000718160;68;1.9646;3.65018;12.4416;0.39;9999.00;
13/06/2019 18:20:47.432;116;-12818.008;5141.059;1.158;12.427;363.32;119;0.8901;284;0.000724272;67;1.8612;3.65053;12.4343;0.98;9999.00;
13/06/2019 18:21:17.437;116;-12818.011;5141.056;1.031;12.429;363.27;114;0.8256;314;0.000815952;61;1.2408;3.65021;12.4410;0.41;9999.00;
13/06/2019 18:21:47.444;116;-12818.016;5141.051;1.073;12.428;363.13;121;0.9159;303;0.000782336;61;1.2408;3.65021;12.4421;0.34;9999.00;
13/06/2019 18:22:17.451;110;-12818.019;5141.048;1.073;12.428;363.10;109;0.7611;296;0.000760944;61;1.2408;3.65050;12.4416;0.51;9999.00;
13/06/2019 18:22:47.467;110;-12818.019;5141.048;1.412;12.424;363.57;142;1.1868;311;0.000806784;66;1.7578;3.65093;12.4314;1.66;9999.00;
13/06/2019 18:23:17.474;110;-12818.019;5141.048;7.915;11.877;371.98;351;3.8829;343;0.000904576;63;1.4476;3.63563;11.9080;8.02;9999.00;
13/06/2019 18:23:47.481;100;-12818.019;5141.048;11.643;11.554;347.66;266;2.7864;295;0.000757888;64;1.5510;3.62460;11.5818;13.38;9999.00;
13/06/2019 18:24:17.488;100;-12818.019;5141.048;17.595;11.453;339.22;217;2.1543;300;0.000773168;65;1.6544;3.62358;11.4656;17.17;9999.00;
13/06/2019 18:24:47.494;100;-12818.019;5141.048;20.094;11.354;336.74;184;1.7286;295;0.000757888;65;1.6544;3.61798;11.3730;21.40;9999.00;
13/06/2019 18:25:17.503;100;-12818.019;5141.048;25.389;10.905;318.45;139;1.1481;216;0.000516464;62;1.3442;3.58339;10.9404;25.13;9999.00;
13/06/2019 18:25:47.509;100;-12818.019;5141.048;27.952;10.133;290.89;107;0.7353;169;0.000372832;63;1.4476;3.51703;10.1291;29.48;9999.00;
13/06/2019 18:26:17.514;100;-12818.019;5141.048;33.818;9.435;293.41;92;0.5418;149;0.000311712;63;1.4476;3.48155;9.5532;33.58;9999.00;
13/06/2019 18:26:47.520;118;-12818.019;5141.048;33.543;9.947;288.11;112;0.7998;170;0.000375888;63;1.4476;3.49292;9.8403;31.81;9999.00;
13/06/2019 18:27:17.526;118;-12818.019;5141.048;31.171;10.293;293.40;116;0.8514;187;0.000427840;63;1.4476;3.52243;10.2963;28.38;9999.00;
13/06/2019 18:27:47.533;117;-12818.019;5141.048;26.067;10.942;315.84;133;1.0707;212;0.000504240;62;1.3442;3.57788;10.9323;24.36;9999.00;
13/06/2019 18:28:17.550;117;-12818.019;5141.048;23.356;11.337;332.58;179;1.6641;263;0.000660096;63;1.4476;3.61313;11.3640;20.43;9999.00;
13/06/2019 18:28:47.558;117;-12818.019;5141.048;17.362;11.347;333.76;172;1.5738;242;0.000595920;66;1.7578;3.60700;11.3465;15.57;9999.00;
13/06/2019 18:29:17.565;117;-12818.019;5141.048;14.545;11.697;352.03;422;4.7988;360;0.000956528;66;1.7578;3.61868;11.7128;11.65;9999.00;
13/06/2019 18:29:47.573;117;-12818.019;5141.048;9.271;11.949;372.33;260;2.7090;330;0.000864848;62;1.3442;3.63337;11.9580;7.37;9999.00;
