PLD_REALTIMECLOCK;NAV_RESOURCE;NAV_LONGITUDE;NAV_LATITUDE;NAV_DEPTH;AROD_FT_TEMP;AROD_FT_DO;FLBBCD_CHL_COUNT;FLBBCD_CHL_SCALED;FLBBCD_BB_700_COUNT;FLBBCD_BB_700_SCALED;FLBBCD_CDOM_COUNT;FLBBCD_CDOM_SCALED;GPCTD_CONDUCTIVITY;GPCTD_TEMPERATURE;GPCTD_PRESSURE;GPCTD_DOF;
15/06/2019 10:36:24.796;115;-12831.961;5125.312;9.165;12.949;342.87;151;1.3029;352;0.000932080;61;1.2408;3.74716;12.9533;9.31;9999.00;
15/06/2019 10:36:54.802;115;-12831.961;5125.312;2.026;12.942;342.38;143;1.1997;340;0.000895408;61;1.2408;3.74720;12.9484;3.38;9999.00;
15/06/2019 10:37:24.809;116;-12831.961;5125.312;1.370;12.927;342.69;153;1.3287;325;0.000849568;62;1.3442;3.74548;12.9363;0.30;9999.00;
15/06/2019 10:37:54.731;116;-12832.888;5124.888;1.243;12.929;343.46;152;1.3158;368;0.000980976;62;1.3442;3.74548;12.9362;0.21;9999.00;
15/06/2019 10:38:24.737;116;-12832.889;5124.887;1.222;12.937;343.42;150;1.2900;351;0.000929024;61;1.2408;3.74634;12.9447;0.32;9999.00;
15/06/2019 10:38:54.744;116;-12832.901;5124.882;1.285;12.932;343.51;149;1.2771;337;0.000886240;61;1.2408;3.74611;12.9424;0.20;9999.00;
15/06/2019 10:39:24.751;116;-12832.901;5124.882;1.285;12.930;343.34;151;1.3029;354;0.000938192;62;1.3442;3.74530;12.9305;0.32;9999.00;
15/06/2019 10:39:54.758;116;-12832.901;5124.882;1.285;12.924;343.37;152;1.3158;366;0.000974864;61;1.2408;3.74484;12.9308;0.71;9999.00;
15/06/2019 10:40:24.765;116;-12832.901;5124.882;1.285;12.931;343.89;155;1.3545;331;0.000867904;62;1.3442;3.74481;12.9331;0.35;9999.00;
15/06/2019 10:40:54.771;116;-12832.901;5124.882;1.285;12.931;343.61;148;1.2642;327;0.000855680;62;1.3442;3.74491;12.9329;0.53;9999.00;
15/06/2019 10:41:24.778;116;-12832.901;5124.882;1.285;12.933;343.81;148;1.2642;337;0.000886240;62;1.3442;3.74513;12.9365;0.26;9999.00;
15/06/2019 10:41:54.786;116;-12832.901;5124.882;1.285;12.927;343.72;149;1.2771;337;0.000886240;61;1.2408;3.74507;12.9360;0.17;9999.00;
15/06/2019 10:42:24.792;116;-12832.901;5124.882;1.285;12.928;343.84;151;1.3029;319;0.000831232;62;1.3442;3.74479;12.9315;0.29;9999.00;
15/06/2019 10:42:54.799;116;-12832.901;5124.882;1.285;12.928;343.85;149;1.2771;371;0.000990144;60;1.1374;3.74493;12.9337;0.25;9999.00;
15/06/2019 10:43:24.788;116;-12832.980;5124.857;1.200;12.934;344.05;147;1.2513;329;0.000861792;63;1.4476;3.74541;12.9389;0.53;9999.00;
15/06/2019 10:43:54.813;116;-12832.988;5124.854;1.243;12.913;344.01;152;1.3158;331;0.000867904;61;1.2408;3.74363;12.9224;0.53;9999.00;
15/06/2019 10:44:24.819;116;-12832.994;5124.853;1.243;12.907;344.27;151;1.3029;354;0.000938192;59;1.0340;3.74237;12.9122;0.15;9999.00;
15/06/2019 10:44:54.825;116;-12832.994;5124.853;1.243;12.910;344.31;152;1.3158;329;0.000861792;62;1.3442;3.74218;12.9127;0.16;9999.00;
15/06/2019 10:45:24.832;116;-12833.009;5124.845;1.264;12.923;344.08;143;1.1997;341;0.000898464;62;1.3442;3.74387;12.9237;0.17;9999.00;
15/06/2019 10:45:54.838;116;-12833.009;5124.845;1.264;12.922;343.98;157;1.3803;321;0.000837344;62;1.3442;3.74397;12.9247;0.28;9999.00;
15/06/2019 10:46:24.844;116;-12833.009;5124.845;1.264;12.915;344.04;150;1.2900;333;0.000874016;61;1.2408;3.74351;12.9219;0.17;9999.00;
15/06/2019 10:46:54.850;116;-12833.009;5124.845;1.264;12.920;343.84;153;1.3287;348;0.000919856;60;1.1374;3.74358;12.9213;0.47;9999.00;
15/06/2019 10:47:24.857;116;-12833.009;5124.845;1.264;12.927;343.75;149;1.2771;331;0.000867904;62;1.3442;3.74462;12.9310;0.33;9999.00;
15/06/2019 10:47:54.863;116;-12833.009;5124.845;1.264;12.921;343.80;152;1.3158;330;0.000864848;62;1.3442;3.74446;12.9290;0.37;9999.00;
15/06/2019 10:48:24.868;116;-12833.009;5124.845;1.264;12.914;344.05;152;1.3158;325;0.000849568;63;1.4476;3.74309;12.9188;0.22;9999.00;
15/06/2019 10:48:54.876;116;-12833.009;5124.845;1.264;12.914;344.34;151;1.3029;352;0.000932080;63;1.4476;3.74271;12.9173;1.13;9999.00;
15/06/2019 10:49:24.881;116;-12833.009;5124.845;1.264;12.918;344.29;151;1.3029;342;0.000901520;60;1.1374;3.74303;12.9209;0.22;9999.00;
15/06/2019 10:49:54.888;116;-12833.009;5124.845;1.264;12.922;344.26;147;1.2513;334;0.000877072;62;1.3442;3.74335;12.9227;0.52;9999.00;
15/06/2019 10:50:24.894;116;-12833.009;5124.845;1.264;12.918;344.20;150;1.2900;321;0.000837344;66;1.7578;3.74332;12.9230;0.42;9999.00;
15/06/2019 10:50:54.904;116;-12833.110;5124.816;1.200;12.917;344.27;147;1.2513;330;0.000864848;59;1.0340;3.74333;12.9211;0.16;9999.00;
15/06/2019 10:51:24.911;116;-12833.111;5124.816;1.243;12.913;344.05;151;1.3029;339;0.000892352;62;1.3442;3.74262;12.9154;0.22;9999.00;
15/06/2019 10:51:54.920;116;-12833.123;5124.812;1.222;12.921;344.53;150;1.2900;336;0.000883184;62;1.3442;3.74342;12.9238;0.25;9999.00;
15/06/2019 10:52:24.927;116;-12833.128;5124.812;1.222;12.908;344.25;149;1.2771;331;0.000867904;61;1.2408;3.74304;12.9211;0.22;9999.00;
15/06/2019 10:52:54.934;116;-12833.140;5124.808;1.179;12.907;344.46;158;1.3932;330;0.000864848;62;1.3442;3.74163;12.9093;0.18;9999.00;
15/06/2019 10:53:24.940;116;-12833.146;5124.807;1.222;12.913;344.50;147;1.2513;338;0.000889296;61;1.2408;3.74250;12.9175;0.16;9999.00;
15/06/2019 10:53:54.947;116;-12833.155;5124.805;1.200;12.917;344.72;150;1.2900;342;0.000901520;61;1.2408;3.74258;12.9189;0.27;9999.00;
15/06/2019 10:54:24.953;116;-12833.155;5124.805;1.200;12.908;344.56;152;1.3158;323;0.000843456;64;1.5510;3.74202;12.9144;0.26;9999.00;
15/06/2019 10:54:54.960;116;-12833.172;5124.800;1.243;12.910;344.34;151;1.3029;350;0.000925968;61;1.2408;3.74198;12.9109;0.15;9999.00;
15/06/2019 10:55:24.967;116;-12833.178;5124.799;1.179;12.917;344.33;146;1.2384;324;0.000846512;63;1.4476;3.74280;12.9200;0.15;9999.00;
15/06/2019 10:55:54.973;116;-12833.188;5124.796;1.222;12.913;344.69;148;1.2642;330;0.000864848;61;1.2408;3.74276;12.9200;0.16;9999.00;
15/06/2019 10:56:24.979;110;-12833.188;5124.796;1.497;12.913;344.86;146;1.2384;343;0.000904576;61;1.2408;3.74225;12.9169;1.10;9999.00;
15/06/2019 10:56:54.985;110;-12833.188;5124.796;7.513;12.964;343.06;143;1.1997;326;0.000852624;62;1.3442;3.74775;12.9457;8.23;9999.00;
15/06/2019 10:57:24.990;100;-12833.188;5124.796;16.070;12.557;344.49;144;1.2126;306;0.000791504;62;1.3442;3.73246;12.5754;15.72;9999.00;
15/06/2019 10:57:54.996;100;-12833.188;5124.796;21.026;11.795;336.55;139;1.1481;240;0.000589808;61;1.2408;3.67290;11.8610;23.21;9999.00;
15/06/2019 10:58:25.003;100;-12833.188;5124.796;29.731;11.429;329.98;104;0.6966;203;0.000476736;61;1.2408;3.63989;11.4647;29.26;9999.00;
15/06/2019 10:58:55.010;100;-12833.188;5124.796;33.903;9.979;320.98;82;0.4128;174;0.000388112;61;1.2408;3.54441;10.2028;35.95;9999.00;
15/06/2019 10:59:25.016;100;-12833.188;5124.796;41.718;9.567;299.39;73;0.2967;178;0.000400336;61;1.2408;3.50014;9.5755;41.40;9999.00;
15/06/2019 10:59:55.023;100;-12833.188;5124.796;45.276;9.201;288.74;68;0.2322;142;0.000290320;62;1.3442;3.47341;9.2230;47.19;9999.00;
15/06/2019 11:00:25.029;100;-12833.188;5124.796;52.518;9.030;284.94;67;0.2193;147;0.000305600;61;1.2408;3.45962;9.0443;52.41;9999.00;
15/06/2019 11:00:55.036;100;-12833.188;5124.796;56.267;8.553;272.89;59;0.1161;127;0.000244480;60;1.1374;3.42482;8.5817;58.48;9999.00;
15/06/2019 11:01:25.044;100;-12833.188;5124.796;63.636;8.464;266.67;55;0.0645;123;0.000232256;62;1.3442;3.42035;8.4659;63.60;9999.00;
15/06/2019 11:01:55.049;100;-12833.188;5124.796;67.278;8.404;260.97;58;0.1032;133;0.000262816;62;1.3442;3.42021;8.4084;69.61;9999.00;
15/06/2019 11:02:25.056;100;-12833.188;5124.796;74.647;8.327;256.05;56;0.0774;146;0.000302544;60;1.1374;3.42725;8.3915;74.81;9999.00;
15/06/2019 11:02:55.063;100;-12833.188;5124.796;78.226;8.276;250.91;55;0.0645;136;0.000271984;61;1.2408;3.42497;8.2776;80.48;9999.00;
15/06/2019 11:03:25.069;100;-12833.188;5124.796;84.684;8.222;247.39;54;0.0516;158;0.000339216;60;1.1374;3.42434;8.2259;85.12;9999.00;
15/06/2019 11:03:55.075;100;-12833.188;5124.796;88.030;8.213;246.17;54;0.0516;133;0.000262816;64;1.5510;3.42536;8.2158;90.50;9999.00;
15/06/2019 11:04:25.092;100;-12833.188;5124.796;94.826;8.197;243.55;58;0.1032;136;0.000271984;61;1.2408;3.42571;8.2018;95.32;9999.00;
15/06/2019 11:04:55.099;100;-12833.188;5124.796;98.214;8.121;238.45;51;0.0129;134;0.000265872;58;0.9306;3.42564;8.1237;100.76;9999.00;
15/06/2019 11:05:25.105;100;-12833.188;5124.796;104.354;8.012;210.44;54;0.0516;119;0.000220032;60;1.1374;3.42691;8.0151;105.09;9999.00;
15/06/2019 11:05:55.115;100;-12833.188;5124.796;107.255;7.984;207.01;55;0.0645;123;0.000232256;61;1.2408;3.42896;7.9877;109.80;9999.00;
15/06/2019 11:06:25.129;100;-12833.188;5124.796;113.077;7.893;194.14;53;0.0387;121;0.000226144;62;1.3442;3.43084;7.8988;113.90;9999.00;
15/06/2019 11:06:55.133;100;-12833.188;5124.796;115.787;7.802;182.02;57;0.0903;125;0.000238368;60;1.1374;3.43245;7.8095;118.36;9999.00;
15/06/2019 11:07:25.141;100;-12833.188;5124.796;121.185;7.606;158.03;51;0.0129;138;0.000278096;61;1.2408;3.43348;7.6454;122.22;9999.00;
15/06/2019 11:07:55.148;100;-12833.188;5124.796;123.959;7.402;135.02;53;0.0387;150;0.000314768;60;1.1374;3.43168;7.4365;126.54;9999.00;
15/06/2019 11:08:25.154;100;-12833.188;5124.796;129.040;7.300;125.85;53;0.0387;144;0.000296432;61;1.2408;3.43036;7.3047;130.13;9999.00;
15/06/2019 11:08:55.162;100;-12833.188;5124.796;131.538;7.088;117.21;54;0.0516;140;0.000284208;61;1.2408;3.42707;7.1233;134.08;9999.00;
15/06/2019 11:09:25.169;100;-12833.188;5124.796;136.174;6.833;96.69;55;0.0645;180;0.000406448;63;1.4476;3.40769;6.8299;137.40;9999.00;
15/06/2019 11:09:55.174;100;-12833.188;5124.796;138.460;6.677;96.17;54;0.0516;162;0.000351440;62;1.3442;3.40039;6.6743;141.02;9999.00;
15/06/2019 11:10:25.181;100;-12833.188;5124.796;142.757;6.586;100.93;53;0.0387;136;0.000271984;60;1.1374;3.39701;6.5954;144.15;9999.00;
15/06/2019 11:10:55.187;100;-12833.188;5124.796;144.938;6.520;98.93;53;0.0387;138;0.000278096;62;1.3442;3.39169;6.5179;147.63;9999.00;
15/06/2019 11:11:25.195;100;-12833.188;5124.796;148.959;6.408;96.67;52;0.0258;144;0.000296432;63;1.4476;3.38395;6.4055;150.48;9999.00;
15/06/2019 11:11:55.202;100;-12833.188;5124.796;150.949;6.304;91.59;55;0.0645;137;0.000275040;60;1.1374;3.37643;6.3101;153.67;9999.00;
15/06/2019 11:12:25.209;100;-12833.188;5124.796;155.056;6.245;87.51;55;0.0645;152;0.000320880;63;1.4476;3.37100;6.2426;156.48;9999.00;
15/06/2019 11:12:55.215;100;-12833.188;5124.796;156.876;6.208;85.50;55;0.0645;172;0.000382000;63;1.4476;3.36803;6.2065;159.63;9999.00;
15/06/2019 11:13:25.222;100;-12833.188;5124.796;160.834;6.088;81.72;52;0.0258;196;0.000455344;64;1.5510;3.35868;6.0849;162.45;9999.00;
15/06/2019 11:13:55.229;100;-12833.188;5124.796;162.739;6.042;79.64;55;0.0645;226;0.000547024;62;1.3442;3.35506;6.0405;165.61;9999.00;
15/06/2019 11:14:25.233;100;-12833.188;5124.796;166.698;6.029;78.82;55;0.0645;250;0.000620368;62;1.3442;3.35428;6.0313;168.43;9999.00;
15/06/2019 11:14:55.241;100;-12833.188;5124.796;168.708;6.028;78.56;54;0.0516;262;0.000657040;60;1.1374;3.35415;6.0304;171.70;9999.00;
15/06/2019 11:15:25.249;100;-12833.188;5124.796;172.793;6.026;78.46;57;0.0903;308;0.000797616;62;1.3442;3.35396;6.0272;174.59;9999.00;
15/06/2019 11:15:55.255;100;-12833.188;5124.796;174.804;6.024;78.43;55;0.0645;283;0.000721216;63;1.4476;3.35401;6.0265;177.97;9999.00;
15/06/2019 11:16:25.263;100;-12833.188;5124.796;178.889;6.024;78.24;55;0.0645;285;0.000727328;64;1.5510;3.35402;6.0263;180.83;9999.00;
15/06/2019 11:16:55.269;100;-12833.188;5124.796;180.942;6.023;78.08;56;0.0774;276;0.000699824;63;1.4476;3.35411;6.0258;184.04;9999.00;
15/06/2019 11:17:25.276;100;-12833.188;5124.796;184.857;6.023;78.12;53;0.0387;276;0.000699824;61;1.2408;3.35424;6.0269;186.85;9999.00;
15/06/2019 11:17:55.282;118;-12833.188;5124.796;187.820;6.024;78.08;56;0.0774;302;0.000779280;63;1.4476;3.35434;6.0273;189.51;9999.00;
15/06/2019 11:18:25.289;118;-12833.188;5124.796;185.662;6.023;78.15;55;0.0645;275;0.000696768;62;1.3442;3.35417;6.0268;186.84;9999.00;
15/06/2019 11:18:55.296;118;-12833.188;5124.796;182.508;6.022;78.21;56;0.0774;271;0.000684544;64;1.5510;3.35388;6.0268;180.92;9999.00;
15/06/2019 11:19:25.304;117;-12833.188;5124.796;173.280;6.023;78.35;56;0.0774;275;0.000696768;61;1.2408;3.35378;6.0299;174.56;9999.00;
15/06/2019 11:19:55.311;117;-12833.188;5124.796;168.793;6.024;78.53;55;0.0645;249;0.000617312;64;1.5510;3.35343;6.0295;167.28;9999.00;
15/06/2019 11:20:25.312;117;-12833.188;5124.796;159.734;6.160;83.45;55;0.0645;174;0.000388112;61;1.2408;3.36151;6.1437;160.87;9999.00;
15/06/2019 11:20:55.325;117;-12833.188;5124.796;155.013;6.355;94.10;53;0.0387;131;0.000256704;63;1.4476;3.37790;6.3527;153.27;9999.00;
15/06/2019 11:21:25.335;117;-12833.188;5124.796;145.911;6.598;99.37;53;0.0387;142;0.000290320;62;1.3442;3.39334;6.5766;146.86;9999.00;
15/06/2019 11:21:55.341;117;-12833.188;5124.796;141.551;6.822;95.32;53;0.0387;185;0.000421728;64;1.5510;3.40376;6.8178;139.92;9999.00;
15/06/2019 11:22:25.348;117;-12833.188;5124.796;133.125;7.263;123.11;53;0.0387;150;0.000314768;62;1.3442;3.42734;7.2125;133.79;9999.00;
15/06/2019 11:22:55.355;117;-12833.188;5124.796;128.722;7.464;139.27;51;0.0129;145;0.000299488;58;0.9306;3.42950;7.4748;126.81;9999.00;
15/06/2019 11:23:25.362;117;-12833.188;5124.796;120.720;7.660;161.08;52;0.0258;133;0.000262816;59;1.0340;3.43095;7.6554;121.24;9999.00;
15/06/2019 11:23:55.368;117;-12833.188;5124.796;117.248;7.856;187.44;55;0.0645;123;0.000232256;62;1.3442;3.42903;7.8706;115.54;9999.00;
15/06/2019 11:24:25.376;117;-12833.188;5124.796;110.325;7.969;200.02;53;0.0387;119;0.000220032;62;1.3442;3.42860;7.9543;110.62;9999.00;
15/06/2019 11:24:55.384;117;-12833.188;5124.796;106.916;8.018;211.21;55;0.0645;125;0.000238368;58;0.9306;3.42532;8.0278;105.33;9999.00;
15/06/2019 11:25:25.391;117;-12833.188;5124.796;100.755;8.077;227.00;54;0.0516;130;0.000253648;58;0.9306;3.42406;8.0634;100.98;9999.00;
15/06/2019 11:25:55.398;117;-12833.188;5124.796;97.600;8.151;239.25;54;0.0516;133;0.000262816;58;0.9306;3.42432;8.1581;95.93;9999.00;
15/06/2019 11:26:25.405;117;-12833.188;5124.796;91.545;8.198;243.12;54;0.0516;131;0.000256704;61;1.2408;3.42399;8.2058;91.60;9999.00;
15/06/2019 11:26:55.412;117;-12833.188;5124.796;88.453;8.200;242.55;55;0.0645;134;0.000265872;60;1.1374;3.42160;8.2064;86.58;9999.00;
15/06/2019 11:27:25.418;117;-12833.188;5124.796;82.313;8.235;244.65;55;0.0645;139;0.000281152;61;1.2408;3.41898;8.2408;82.23;9999.00;
15/06/2019 11:27:55.425;117;-12833.188;5124.796;79.539;8.372;256.83;58;0.1032;132;0.000259760;62;1.3442;3.42482;8.3773;77.63;9999.00;
15/06/2019 11:28:25.433;117;-12833.188;5124.796;74.182;8.407;259.58;54;0.0516;122;0.000229200;60;1.1374;3.41864;8.4209;73.89;9999.00;
15/06/2019 11:28:55.440;117;-12833.188;5124.796;71.768;8.426;262.54;55;0.0645;120;0.000223088;59;1.0340;3.41508;8.4124;69.91;9999.00;
15/06/2019 11:29:25.445;117;-12833.188;5124.796;66.770;8.577;268.59;59;0.1161;154;0.000326992;62;1.3442;3.42339;8.5857;66.39;9999.00;
15/06/2019 11:29:55.453;117;-12833.188;5124.796;64.314;8.702;274.49;59;0.1161;129;0.000250592;61;1.2408;3.43003;8.7110;62.42;9999.00;
15/06/2019 11:30:25.460;117;-12833.188;5124.796;59.507;8.826;275.29;64;0.1806;144;0.000296432;61;1.2408;3.43458;8.7862;59.07;9999.00;
15/06/2019 11:30:55.467;117;-12833.188;5124.796;57.199;9.122;284.07;69;0.2451;155;0.000330048;60;1.1374;3.46137;9.1288;55.24;9999.00;
15/06/2019 11:31:25.478;117;-12833.188;5124.796;52.646;9.166;284.89;70;0.2580;157;0.000336160;62;1.3442;3.46476;9.1724;52.09;9999.00;
15/06/2019 11:31:55.487;117;-12833.188;5124.796;50.613;9.321;286.90;68;0.2322;149;0.000311712;62;1.3442;3.47551;9.3306;48.62;9999.00;
15/06/2019 11:32:25.493;117;-12833.188;5124.796;46.123;9.474;287.03;70;0.2580;171;0.000378944;62;1.3442;3.48329;9.4427;45.40;9999.00;
15/06/2019 11:32:55.500;117;-12833.188;5124.796;43.942;9.692;299.74;80;0.3870;228;0.000553136;60;1.1374;3.50372;9.7055;41.93;9999.00;
15/06/2019 11:33:25.507;117;-12833.188;5124.796;39.981;10.032;307.63;85;0.4515;169;0.000372832;62;1.3442;3.52630;10.0359;39.09;9999.00;
15/06/2019 11:33:55.513;117;-12833.188;5124.796;38.075;10.408;316.84;99;0.6321;187;0.000427840;63;1.4476;3.55416;10.4448;36.03;9999.00;
15/06/2019 11:34:25.522;117;-12833.188;5124.796;34.263;10.896;322.63;112;0.7998;197;0.000458400;63;1.4476;3.58900;10.9033;33.34;9999.00;
15/06/2019 11:34:55.529;117;-12833.188;5124.796;32.505;11.168;323.49;105;0.7095;203;0.000476736;63;1.4476;3.61339;11.2162;30.49;9999.00;
15/06/2019 11:35:25.535;117;-12833.188;5124.796;28.799;11.391;326.91;108;0.7482;196;0.000455344;61;1.2408;3.62688;11.3732;27.86;9999.00;
15/06/2019 11:35:55.542;117;-12833.188;5124.796;27.041;11.607;329.47;130;1.0320;221;0.000531744;62;1.3442;3.64627;11.6240;24.99;9999.00;
15/06/2019 11:36:25.695;117;-12833.188;5124.796;23.567;11.871;333.26;151;1.3029;263;0.000660096;63;1.4476;3.66515;11.8364;22.49;9999.00;
15/06/2019 11:36:55.702;117;-12833.188;5124.796;21.873;12.093;335.69;145;1.2255;279;0.000708992;63;1.4476;3.68989;12.1085;19.75;9999.00;
15/06/2019 11:37:25.709;117;-12833.188;5124.796;18.632;12.307;337.48;135;1.0965;310;0.000803728;63;1.4476;3.70574;12.2877;17.46;9999.00;
15/06/2019 11:37:55.714;117;-12833.188;5124.796;17.023;12.565;340.11;141;1.1739;314;0.000815952;60;1.1374;3.73129;12.5892;14.84;9999.00;
15/06/2019 11:38:25.722;117;-12833.188;5124.796;13.740;12.610;341.24;141;1.1739;326;0.000852624;62;1.3442;3.73314;12.6129;12.47;9999.00;
15/06/2019 11:38:55.727;117;-12833.188;5124.796;11.961;12.799;345.29;148;1.2642;346;0.000913744;62;1.3442;3.73770;12.8152;9.62;9999.00;
15/06/2019 11:39:25.732;117;-12833.188;5124.796;8.699;12.905;347.27;158;1.3932;364;0.000968752;62;1.3442;3.73052;12.9245;7.41;9999.00;
