PLD_REALTIMECLOCK;NAV_RESOURCE;NAV_LONGITUDE;NAV_LATITUDE;NAV_DEPTH;AROD_FT_TEMP;AROD_FT_DO;FLBBCD_CHL_COUNT;FLBBCD_CHL_SCALED;FLBBCD_BB_700_COUNT;FLBBCD_BB_700_SCALED;FLBBCD_CDOM_COUNT;FLBBCD_CDOM_SCALED;GPCTD_CONDUCTIVITY;GPCTD_TEMPERATURE;GPCTD_PRESSURE;GPCTD_DOF;
14/06/2019 05:40:57.628;117;-12820.267;5138.102;8.593;12.271;381.75;316;3.4314;316;0.000822064;63;1.4476;3.63526;12.2813;7.71;9999.00;
14/06/2019 05:41:27.634;115;-12820.267;5138.102;7.936;12.162;380.59;273;2.8767;381;0.001020704;62;1.3442;3.63512;12.2593;8.81;9999.00;
14/06/2019 05:41:57.641;115;-12820.267;5138.102;1.815;12.278;379.64;343;3.7797;337;0.000886240;64;1.5510;3.63648;12.2967;1.01;9999.00;
14/06/2019 05:42:27.486;116;-12820.249;5137.902;1.137;12.287;380.49;319;3.4701;326;0.000852624;63;1.4476;3.63610;12.2954;0.31;9999.00;
14/06/2019 05:42:57.495;116;-12820.245;5137.900;1.179;12.296;380.92;307;3.3153;366;0.000974864;64;1.5510;3.63696;12.3032;0.59;9999.00;
14/06/2019 05:43:27.501;116;-12820.245;5137.900;1.264;12.295;380.49;307;3.3153;353;0.000935136;63;1.4476;3.63677;12.3008;0.25;9999.00;
14/06/2019 05:43:57.509;116;-12820.243;5137.901;1.158;12.295;380.91;340;3.7410;384;0.001029872;62;1.3442;3.63689;12.3013;0.29;9999.00;
14/06/2019 05:44:27.514;116;-12820.243;5137.901;1.158;12.295;380.92;293;3.1347;312;0.000809840;62;1.3442;3.63684;12.2998;0.44;9999.00;
14/06/2019 05:44:57.521;116;-12820.243;5137.901;1.158;12.295;380.60;319;3.4701;364;0.000968752;63;1.4476;3.63681;12.2989;0.56;9999.00;
14/06/2019 05:45:27.527;116;-12820.238;5137.897;1.137;12.299;380.63;291;3.1089;298;0.000767056;64;1.5510;3.63716;12.3028;0.70;9999.00;
14/06/2019 05:45:57.534;116;-12820.237;5137.897;1.137;12.292;380.42;308;3.3282;362;0.000962640;63;1.4476;3.63669;12.2968;0.21;9999.00;
14/06/2019 05:46:27.542;116;-12820.232;5137.888;1.327;12.296;380.22;304;3.2766;309;0.000800672;62;1.3442;3.63695;12.3010;1.16;9999.00;
14/06/2019 05:46:57.549;116;-12820.231;5137.886;1.116;12.300;380.10;282;2.9928;381;0.001020704;65;1.6544;3.63710;12.3037;0.15;9999.00;
14/06/2019 05:47:27.555;116;-12820.217;5137.865;1.073;12.296;380.86;331;3.6249;470;0.001292688;64;1.5510;3.63705;12.3033;0.10;9999.00;
14/06/2019 05:47:57.562;116;-12820.217;5137.865;1.073;12.302;380.46;278;2.9412;346;0.000913744;62;1.3442;3.63481;12.3064;0.62;9999.00;
14/06/2019 05:48:27.571;116;-12820.195;5137.887;1.116;12.302;380.62;294;3.1476;340;0.000895408;60;1.1374;3.63740;12.3070;0.22;9999.00;
14/06/2019 05:48:57.578;116;-12820.194;5137.887;1.116;12.301;380.63;274;2.8896;300;0.000773168;64;1.5510;3.63705;12.3094;0.35;9999.00;
14/06/2019 05:49:27.583;116;-12820.202;5137.895;1.306;12.309;380.58;372;4.1538;424;0.001152112;63;1.4476;3.63760;12.3139;0.88;9999.00;
14/06/2019 05:49:57.589;116;-12820.200;5137.894;1.094;12.306;380.50;273;2.8767;297;0.000764000;64;1.5510;3.63703;12.3053;0.69;9999.00;
14/06/2019 05:50:27.597;116;-12820.214;5137.892;1.073;12.299;380.76;272;2.8638;331;0.000867904;65;1.6544;3.63730;12.3053;0.18;9999.00;
14/06/2019 05:50:57.603;110;-12820.217;5137.889;1.412;12.300;381.00;307;3.3153;342;0.000901520;63;1.4476;3.63736;12.3044;0.82;9999.00;
14/06/2019 05:51:27.610;110;-12820.217;5137.889;4.378;12.311;380.78;293;3.1347;355;0.000941248;62;1.3442;3.63790;12.3177;4.10;9999.00;
14/06/2019 05:51:57.611;100;-12820.217;5137.889;11.770;12.384;364.90;180;1.6770;367;0.000977920;62;1.3442;3.66981;12.3686;10.33;9999.00;
14/06/2019 05:52:27.624;100;-12820.217;5137.889;15.943;11.928;360.35;232;2.3478;379;0.001014592;62;1.3442;3.67039;11.9509;16.39;9999.00;
14/06/2019 05:52:57.630;100;-12820.217;5137.889;18.908;11.249;350.91;331;3.6249;331;0.000867904;64;1.5510;3.62040;11.4275;20.52;9999.00;
14/06/2019 05:53:27.636;100;-12820.217;5137.889;24.669;10.667;335.73;169;1.5351;233;0.000568416;62;1.3442;3.57196;10.7362;25.25;9999.00;
14/06/2019 05:53:57.643;100;-12820.217;5137.889;27.380;9.480;288.17;87;0.4773;156;0.000333104;62;1.3442;3.48002;9.5384;28.88;9999.00;
14/06/2019 05:54:27.650;100;-12820.217;5137.889;32.505;9.204;282.21;76;0.3354;132;0.000259760;62;1.3442;3.45573;9.2094;32.98;9999.00;
14/06/2019 05:54:57.657;100;-12820.217;5137.889;34.941;9.024;278.36;71;0.2709;139;0.000281152;61;1.2408;3.44321;9.0455;36.54;9999.00;
14/06/2019 05:55:27.664;100;-12820.217;5137.889;40.002;8.903;277.27;68;0.2322;126;0.000241424;62;1.3442;3.43740;8.9233;40.68;9999.00;
14/06/2019 05:55:57.671;100;-12820.217;5137.889;42.692;8.682;260.30;63;0.1677;120;0.000223088;62;1.3442;3.42177;8.7055;44.39;9999.00;
14/06/2019 05:56:27.679;100;-12820.217;5137.889;47.690;8.611;257.90;59;0.1161;124;0.000235312;60;1.1374;3.41938;8.6082;48.45;9999.00;
14/06/2019 05:56:57.676;100;-12820.217;5137.889;50.189;8.533;256.79;62;0.1548;123;0.000232256;61;1.2408;3.41522;8.5392;51.96;9999.00;
14/06/2019 05:57:27.690;100;-12820.217;5137.889;55.144;8.414;251.20;60;0.1290;118;0.000216976;61;1.2408;3.40778;8.4128;55.98;9999.00;
14/06/2019 05:57:57.699;100;-12820.217;5137.889;57.580;8.376;249.84;58;0.1032;126;0.000241424;60;1.1374;3.40626;8.3828;59.56;9999.00;
14/06/2019 05:58:27.705;100;-12820.217;5137.889;62.620;8.260;241.42;56;0.0774;120;0.000223088;64;1.5510;3.40434;8.2788;63.62;9999.00;
14/06/2019 05:58:57.712;100;-12820.217;5137.889;65.076;8.195;235.78;54;0.0516;120;0.000223088;64;1.5510;3.40271;8.2004;67.18;9999.00;
14/06/2019 05:59:27.720;100;-12820.217;5137.889;70.052;8.076;222.69;56;0.0774;113;0.000201696;63;1.4476;3.40641;8.0903;71.10;9999.00;
14/06/2019 05:59:57.726;100;-12820.217;5137.889;72.382;8.024;214.90;57;0.0903;118;0.000216976;60;1.1374;3.40989;8.0425;74.39;9999.00;
14/06/2019 06:00:27.730;100;-12820.217;5137.889;76.934;7.960;202.34;53;0.0387;122;0.000229200;62;1.3442;3.41456;7.9742;78.06;9999.00;
14/06/2019 06:00:57.739;100;-12820.217;5137.889;79.073;7.876;184.05;58;0.1032;125;0.000238368;62;1.3442;3.41948;7.9011;80.99;9999.00;
14/06/2019 06:01:27.746;100;-12820.217;5137.889;83.096;7.786;175.07;55;0.0645;129;0.000250592;62;1.3442;3.42246;7.7877;84.25;9999.00;
14/06/2019 06:01:57.752;100;-12820.217;5137.889;85.044;7.697;156.19;55;0.0645;134;0.000265872;61;1.2408;3.42440;7.7066;86.96;9999.00;
14/06/2019 06:02:27.758;100;-12820.217;5137.889;88.771;7.655;165.82;55;0.0645;126;0.000241424;59;1.0340;3.42767;7.6553;89.93;9999.00;
14/06/2019 06:02:57.765;100;-12820.217;5137.889;90.549;7.607;165.25;56;0.0774;117;0.000213920;59;1.0340;3.42925;7.6128;92.44;9999.00;
14/06/2019 06:03:27.773;100;-12820.217;5137.889;94.064;7.527;151.93;53;0.0387;124;0.000235312;60;1.1374;3.42861;7.5248;95.26;9999.00;
14/06/2019 06:03:57.778;100;-12820.217;5137.889;95.779;7.443;144.84;55;0.0645;123;0.000232256;61;1.2408;3.42653;7.4547;97.55;9999.00;
14/06/2019 06:04:27.785;100;-12820.217;5137.889;98.892;7.372;140.59;55;0.0645;138;0.000278096;63;1.4476;3.42590;7.3734;100.09;9999.00;
14/06/2019 06:04:57.792;100;-12820.217;5137.889;100.395;7.322;133.73;53;0.0387;152;0.000320880;60;1.1374;3.42731;7.3399;102.30;9999.00;
14/06/2019 06:05:27.799;100;-12820.217;5137.889;103.550;7.279;129.84;54;0.0516;161;0.000348384;62;1.3442;3.42453;7.2821;104.88;9999.00;
14/06/2019 06:05:57.805;100;-12820.217;5137.889;105.180;7.263;126.79;57;0.0903;170;0.000375888;62;1.3442;3.42412;7.2583;107.14;9999.00;
14/06/2019 06:06:27.813;100;-12820.217;5137.889;108.313;7.223;122.49;53;0.0387;185;0.000421728;60;1.1374;3.42369;7.2254;109.68;9999.00;
14/06/2019 06:06:57.829;100;-12820.217;5137.889;109.880;7.184;117.58;56;0.0774;201;0.000470624;62;1.3442;3.42253;7.1883;111.89;9999.00;
14/06/2019 06:07:27.838;100;-12820.217;5137.889;112.929;7.163;112.70;53;0.0387;195;0.000452288;62;1.3442;3.42157;7.1637;114.41;9999.00;
14/06/2019 06:07:57.843;100;-12820.217;5137.889;114.517;7.083;106.93;55;0.0645;191;0.000440064;60;1.1374;3.41924;7.0839;116.54;9999.00;
14/06/2019 06:08:27.851;100;-12820.217;5137.889;117.332;7.000;105.32;52;0.0258;193;0.000446176;60;1.1374;3.41605;6.9999;118.88;9999.00;
14/06/2019 06:08:57.858;100;-12820.217;5137.889;118.857;6.902;100.70;52;0.0258;213;0.000507296;61;1.2408;3.40998;6.9016;120.94;9999.00;
14/06/2019 06:09:27.863;100;-12820.217;5137.889;121.757;6.866;97.95;51;0.0129;211;0.000501184;63;1.4476;3.40870;6.8665;123.28;9999.00;
14/06/2019 06:09:57.871;100;-12820.217;5137.889;123.133;6.854;97.16;56;0.0774;207;0.000488960;64;1.5510;3.40843;6.8578;125.21;9999.00;
14/06/2019 06:10:27.878;100;-12820.217;5137.889;125.822;6.703;88.12;53;0.0387;226;0.000547024;61;1.2408;3.40042;6.7107;127.35;9999.00;
14/06/2019 06:10:57.884;100;-12820.217;5137.889;127.028;6.638;83.91;54;0.0516;240;0.000589808;60;1.1374;3.39641;6.6384;129.15;9999.00;
14/06/2019 06:11:27.891;100;-12820.217;5137.889;129.548;6.603;80.96;52;0.0258;279;0.000708992;61;1.2408;3.39458;6.6054;131.16;9999.00;
14/06/2019 06:11:57.898;100;-12820.217;5137.889;130.839;6.582;79.37;56;0.0774;277;0.000702880;61;1.2408;3.39342;6.5836;132.90;9999.00;
14/06/2019 06:12:27.904;100;-12820.217;5137.889;133.189;6.566;77.56;53;0.0387;354;0.000938192;63;1.4476;3.39310;6.5674;134.84;9999.00;
14/06/2019 06:12:57.910;100;-12820.217;5137.889;134.438;6.565;77.15;54;0.0516;458;0.001256016;63;1.4476;3.39310;6.5669;136.56;9999.00;
14/06/2019 06:13:27.931;100;-12820.217;5137.889;136.830;6.562;76.91;55;0.0645;424;0.001152112;61;1.2408;3.39300;6.5642;138.44;9999.00;
14/06/2019 06:13:57.937;118;-12820.217;5137.889;134.036;6.567;77.29;53;0.0387;317;0.000825120;62;1.3442;3.39286;6.5673;135.25;9999.00;
14/06/2019 06:14:27.947;118;-12820.217;5137.889;129.082;6.734;87.00;52;0.0258;232;0.000565360;60;1.1374;3.39827;6.6995;127.30;9999.00;
14/06/2019 06:14:57.955;117;-12820.217;5137.889;123.112;7.065;106.78;56;0.0774;190;0.000437008;61;1.2408;3.41443;7.0127;118.76;9999.00;
14/06/2019 06:15:27.971;117;-12820.217;5137.889;110.663;7.231;122.58;51;0.0129;165;0.000360608;60;1.1374;3.42225;7.2302;109.10;9999.00;
14/06/2019 06:15:57.982;117;-12820.217;5137.889;104.756;7.385;139.14;50;0.0000;131;0.000256704;59;1.0340;3.42523;7.3659;100.70;9999.00;
14/06/2019 06:16:27.988;117;-12820.217;5137.889;93.323;7.608;157.02;53;0.0387;122;0.000229200;59;1.0340;3.42806;7.6061;91.74;9999.00;
14/06/2019 06:16:57.994;117;-12820.217;5137.889;88.326;7.826;170.57;57;0.0903;129;0.000250592;59;1.0340;3.42061;7.7787;84.69;9999.00;
14/06/2019 06:17:28.002;117;-12820.217;5137.889;78.607;7.989;205.41;58;0.1032;119;0.000220032;61;1.2408;3.41194;7.9915;76.89;9999.00;
14/06/2019 06:17:58.008;117;-12820.217;5137.889;74.139;8.140;225.75;57;0.0903;117;0.000213920;61;1.2408;3.40457;8.1312;70.88;9999.00;
14/06/2019 06:18:28.013;117;-12820.217;5137.889;66.008;8.306;241.25;57;0.0903;117;0.000213920;62;1.3442;3.40082;8.2671;64.39;9999.00;
14/06/2019 06:18:58.020;117;-12820.217;5137.889;62.154;8.402;249.37;60;0.1290;121;0.000226144;60;1.1374;3.40492;8.4059;58.88;9999.00;
14/06/2019 06:19:28.027;117;-12820.217;5137.889;54.255;8.596;256.99;58;0.1032;127;0.000244480;64;1.5510;3.41609;8.6039;52.36;9999.00;
14/06/2019 06:19:58.034;117;-12820.217;5137.889;50.189;8.698;259.12;64;0.1806;121;0.000226144;63;1.4476;3.41700;8.6879;46.63;9999.00;
14/06/2019 06:20:28.050;117;-12820.217;5137.889;42.311;9.067;291.70;67;0.2193;144;0.000296432;61;1.2408;3.44300;9.0521;40.34;9999.00;
14/06/2019 06:20:58.056;117;-12820.217;5137.889;38.647;9.099;284.45;70;0.2580;141;0.000287264;60;1.1374;3.44466;9.1098;35.14;9999.00;
14/06/2019 06:21:28.063;117;-12820.217;5137.889;31.616;9.621;289.12;92;0.5418;164;0.000357552;63;1.4476;3.47478;9.5488;29.63;9999.00;
14/06/2019 06:21:58.070;117;-12820.217;5137.889;28.523;10.984;335.41;284;3.0186;288;0.000736496;62;1.3442;3.58352;11.0189;25.40;9999.00;
14/06/2019 06:22:28.077;117;-12820.217;5137.889;22.996;11.680;351.18;297;3.1863;365;0.000971808;61;1.2408;3.63489;11.6389;21.05;9999.00;
14/06/2019 06:22:58.084;117;-12820.217;5137.889;20.306;12.047;353.73;230;2.3220;412;0.001115440;63;1.4476;3.67746;12.0459;17.14;9999.00;
14/06/2019 06:23:28.088;117;-12820.217;5137.889;14.566;12.303;358.93;206;2.0124;419;0.001136832;60;1.1374;3.69864;12.3069;12.42;9999.00;
14/06/2019 06:23:58.095;117;-12820.217;5137.889;11.770;12.288;377.69;267;2.7993;332;0.000870960;62;1.3442;3.65304;12.3683;8.59;9999.00;
