PLD_REALTIMECLOCK;NAV_RESOURCE;NAV_LONGITUDE;NAV_LATITUDE;NAV_DEPTH;AROD_FT_TEMP;AROD_FT_DO;FLBBCD_CHL_COUNT;FLBBCD_CHL_SCALED;FLBBCD_BB_700_COUNT;FLBBCD_BB_700_SCALED;FLBBCD_CDOM_COUNT;FLBBCD_CDOM_SCALED;GPCTD_CONDUCTIVITY;GPCTD_TEMPERATURE;GPCTD_PRESSURE;GPCTD_DOF;
14/06/2019 23:57:45.042;115;-12824.790;5130.310;8.423;12.652;360.17;163;1.4577;343;0.000904576;64;1.5510;3.69972;12.7259;7.30;9999.00;
14/06/2019 23:58:15.048;115;-12824.790;5130.310;5.924;12.648;356.47;105;0.7095;325;0.000849568;62;1.3442;3.69981;12.7357;6.66;9999.00;
14/06/2019 23:58:45.056;116;-12824.790;5130.310;1.560;13.163;355.85;89;0.5031;293;0.000751776;64;1.5510;3.71456;13.2257;1.32;9999.00;
14/06/2019 23:59:15.064;116;-12824.790;5130.310;1.264;13.213;356.34;90;0.5160;363;0.000965696;57;0.8272;3.71551;13.2185;0.85;9999.00;
14/06/2019 23:59:44.865;116;-12826.341;5128.522;1.306;13.202;356.52;85;0.4515;287;0.000733440;59;1.0340;3.71563;13.2262;0.75;9999.00;
15/06/2019 00:00:14.871;116;-12826.341;5128.522;1.306;13.237;356.64;88;0.4902;278;0.000705936;64;1.5510;3.71704;13.2431;0.33;9999.00;
15/06/2019 00:00:44.878;116;-12826.341;5128.522;1.306;13.229;357.01;84;0.4386;294;0.000754832;64;1.5510;3.71729;13.2488;0.24;9999.00;
15/06/2019 00:01:14.886;116;-12826.350;5128.509;1.222;13.237;356.82;90;0.5160;284;0.000724272;55;0.6204;3.71715;13.2492;0.22;9999.00;
15/06/2019 00:01:44.893;116;-12826.356;5128.507;1.222;13.231;357.22;85;0.4515;292;0.000748720;62;1.3442;3.71711;13.2418;0.50;9999.00;
15/06/2019 00:02:14.904;116;-12826.358;5128.502;1.285;13.248;356.52;85;0.4515;295;0.000757888;56;0.7238;3.71797;13.2504;0.91;9999.00;
15/06/2019 00:02:44.911;116;-12826.336;5128.525;1.200;13.245;356.49;85;0.4515;295;0.000757888;60;1.1374;3.71872;13.2625;0.36;9999.00;
15/06/2019 00:03:14.918;116;-12826.336;5128.525;1.200;13.241;357.14;82;0.4128;277;0.000702880;58;0.9306;3.71797;13.2556;0.17;9999.00;
15/06/2019 00:03:44.924;116;-12826.336;5128.525;1.200;13.237;357.04;81;0.3999;311;0.000806784;59;1.0340;3.71801;13.2529;0.64;9999.00;
15/06/2019 00:04:14.930;116;-12826.336;5128.525;1.200;13.242;357.01;87;0.4773;311;0.000806784;58;0.9306;3.71773;13.2499;0.21;9999.00;
15/06/2019 00:04:44.936;116;-12826.336;5128.525;1.200;13.251;356.79;83;0.4257;276;0.000699824;54;0.5170;3.71854;13.2627;0.15;9999.00;
15/06/2019 00:05:14.943;116;-12826.336;5128.525;1.200;13.249;356.83;90;0.5160;337;0.000886240;64;1.5510;3.71853;13.2565;0.25;9999.00;
15/06/2019 00:05:44.949;116;-12826.336;5128.525;1.200;13.243;356.99;88;0.4902;269;0.000678432;65;1.6544;3.71841;13.2551;0.19;9999.00;
15/06/2019 00:06:14.956;116;-12826.336;5128.525;1.200;13.240;356.97;93;0.5547;301;0.000776224;62;1.3442;3.71760;13.2424;0.31;9999.00;
15/06/2019 00:06:44.962;116;-12826.336;5128.525;1.200;13.237;357.10;90;0.5160;275;0.000696768;58;0.9306;3.71739;13.2397;0.18;9999.00;
15/06/2019 00:07:14.968;116;-12826.336;5128.525;1.200;13.230;357.38;91;0.5289;332;0.000870960;60;1.1374;3.71726;13.2380;0.30;9999.00;
15/06/2019 00:07:44.976;116;-12826.427;5128.448;1.391;13.248;356.99;88;0.4902;310;0.000803728;63;1.4476;3.71749;13.2378;1.18;9999.00;
15/06/2019 00:08:14.989;116;-12826.429;5128.448;1.222;13.224;357.23;100;0.6450;285;0.000727328;60;1.1374;3.71679;13.2319;0.17;9999.00;
15/06/2019 00:08:44.995;116;-12826.437;5128.439;1.200;13.223;357.16;95;0.5805;296;0.000760944;65;1.6544;3.71666;13.2309;0.15;9999.00;
15/06/2019 00:09:15.003;116;-12826.436;5128.439;1.243;13.231;357.04;88;0.4902;290;0.000742608;64;1.5510;3.71746;13.2419;0.20;9999.00;
15/06/2019 00:09:45.008;116;-12826.452;5128.431;1.222;13.242;357.13;90;0.5160;259;0.000647872;59;1.0340;3.71790;13.2465;0.46;9999.00;
15/06/2019 00:10:15.014;116;-12826.456;5128.431;1.179;13.242;357.18;92;0.5418;282;0.000718160;73;2.4816;3.71792;13.2462;0.36;9999.00;
15/06/2019 00:10:45.021;116;-12826.486;5128.433;1.158;13.238;357.21;93;0.5547;289;0.000739552;67;1.8612;3.71749;13.2422;0.23;9999.00;
15/06/2019 00:11:15.028;116;-12826.486;5128.433;1.158;13.234;357.21;89;0.5031;280;0.000712048;60;1.1374;3.71744;13.2400;0.20;9999.00;
15/06/2019 00:11:45.035;116;-12826.486;5128.433;1.158;13.230;357.08;93;0.5547;312;0.000809840;60;1.1374;3.71664;13.2269;0.64;9999.00;
15/06/2019 00:12:15.043;116;-12826.486;5128.433;1.158;13.235;357.05;94;0.5676;294;0.000754832;66;1.7578;3.71727;13.2389;0.25;9999.00;
15/06/2019 00:12:45.050;116;-12826.486;5128.433;1.158;13.222;357.47;102;0.6708;315;0.000819008;56;0.7238;3.71658;13.2299;0.15;9999.00;
15/06/2019 00:13:15.057;116;-12826.486;5128.433;1.158;13.224;357.81;90;0.5160;321;0.000837344;61;1.2408;3.71653;13.2275;0.35;9999.00;
15/06/2019 00:13:45.063;116;-12826.486;5128.433;1.158;13.226;357.25;89;0.5031;322;0.000840400;61;1.2408;3.71678;13.2318;0.13;9999.00;
15/06/2019 00:14:15.070;116;-12826.486;5128.433;1.158;13.229;357.33;99;0.6321;353;0.000935136;60;1.1374;3.71703;13.2353;0.08;9999.00;
15/06/2019 00:14:45.077;116;-12826.486;5128.433;1.158;13.236;356.95;93;0.5547;289;0.000739552;55;0.6204;3.71729;13.2376;0.35;9999.00;
15/06/2019 00:15:15.091;116;-12826.530;5128.386;1.222;13.235;356.96;98;0.6192;298;0.000767056;65;1.6544;3.71761;13.2395;0.21;9999.00;
15/06/2019 00:15:45.098;116;-12826.531;5128.386;1.137;13.232;357.12;94;0.5676;282;0.000718160;59;1.0340;3.71776;13.2404;0.15;9999.00;
15/06/2019 00:16:15.104;116;-12826.542;5128.380;1.264;13.238;357.24;95;0.5805;301;0.000776224;69;2.0680;3.71775;13.2394;0.23;9999.00;
15/06/2019 00:16:45.111;116;-12826.545;5128.377;1.222;13.233;357.22;95;0.5805;314;0.000815952;62;1.3442;3.71754;13.2353;0.17;9999.00;
15/06/2019 00:17:15.118;116;-12826.553;5128.374;1.412;13.235;357.20;94;0.5676;361;0.000959584;62;1.3442;3.71804;13.2387;0.98;9999.00;
15/06/2019 00:17:45.125;116;-12826.559;5128.368;1.222;13.242;357.07;95;0.5805;313;0.000812896;57;0.8272;3.71886;13.2506;0.15;9999.00;
15/06/2019 00:18:15.130;116;-12826.565;5128.363;1.116;13.240;356.85;97;0.6063;285;0.000727328;68;1.9646;3.71860;13.2464;0.22;9999.00;
15/06/2019 00:18:45.137;116;-12826.565;5128.363;1.116;13.242;356.86;92;0.5418;283;0.000721216;58;0.9306;3.71939;13.2531;0.19;9999.00;
15/06/2019 00:19:15.144;116;-12826.579;5128.360;1.327;13.244;357.07;98;0.6192;305;0.000788448;64;1.5510;3.71928;13.2485;0.80;9999.00;
15/06/2019 00:19:45.151;116;-12826.586;5128.355;1.222;13.235;357.14;97;0.6063;288;0.000736496;61;1.2408;3.71938;13.2526;0.15;9999.00;
15/06/2019 00:20:15.157;116;-12826.586;5128.355;1.222;13.248;356.90;89;0.5031;294;0.000754832;59;1.0340;3.71951;13.2515;0.22;9999.00;
15/06/2019 00:20:45.162;116;-12826.586;5128.355;1.222;13.254;356.87;94;0.5676;345;0.000910688;64;1.5510;3.72034;13.2592;0.67;9999.00;
15/06/2019 00:21:15.170;116;-12826.586;5128.355;1.222;13.262;356.62;93;0.5547;292;0.000748720;63;1.4476;3.72142;13.2696;0.30;9999.00;
15/06/2019 00:21:45.177;116;-12826.586;5128.355;1.222;13.263;356.64;96;0.5934;310;0.000803728;61;1.2408;3.72122;13.2660;0.36;9999.00;
15/06/2019 00:22:15.184;116;-12826.586;5128.355;1.222;13.256;356.93;91;0.5289;281;0.000715104;66;1.7578;3.72059;13.2596;0.27;9999.00;
15/06/2019 00:22:45.190;116;-12826.586;5128.355;1.222;13.253;356.47;91;0.5289;321;0.000837344;65;1.6544;3.72102;13.2630;0.44;9999.00;
15/06/2019 00:23:15.197;116;-12826.586;5128.355;1.222;13.264;356.83;92;0.5418;275;0.000696768;59;1.0340;3.72148;13.2677;0.35;9999.00;
15/06/2019 00:23:45.204;116;-12826.586;5128.355;1.222;13.264;356.74;89;0.5031;261;0.000653984;61;1.2408;3.72175;13.2711;0.16;9999.00;
15/06/2019 00:24:15.211;116;-12826.586;5128.355;1.222;13.267;356.48;97;0.6063;320;0.000834288;64;1.5510;3.72230;13.2733;1.11;9999.00;
15/06/2019 00:24:45.217;116;-12826.650;5128.312;1.243;13.270;356.53;89;0.5031;284;0.000724272;55;0.6204;3.72228;13.2764;0.23;9999.00;
15/06/2019 00:25:15.224;116;-12826.652;5128.309;1.222;13.278;356.25;96;0.5934;320;0.000834288;63;1.4476;3.72313;13.2840;0.13;9999.00;
15/06/2019 00:25:45.230;116;-12826.659;5128.304;1.179;13.272;356.54;94;0.5676;318;0.000828176;58;0.9306;3.72289;13.2792;0.47;9999.00;
15/06/2019 00:26:15.239;116;-12826.664;5128.300;1.370;13.275;356.50;95;0.5805;289;0.000739552;62;1.3442;3.72257;13.2746;0.68;9999.00;
15/06/2019 00:26:45.245;116;-12826.671;5128.295;1.306;13.265;356.63;91;0.5289;283;0.000721216;63;1.4476;3.72253;13.2741;0.75;9999.00;
15/06/2019 00:27:15.259;116;-12826.676;5128.293;1.137;13.267;356.63;98;0.6192;309;0.000800672;61;1.2408;3.72243;13.2706;0.96;9999.00;
15/06/2019 00:27:45.269;116;-12826.688;5128.288;1.137;13.272;356.63;98;0.6192;356;0.000944304;62;1.3442;3.72237;13.2727;0.17;9999.00;
15/06/2019 00:28:15.276;116;-12826.698;5128.287;1.264;13.265;356.70;92;0.5418;324;0.000846512;56;0.7238;3.72275;13.2759;0.35;9999.00;
15/06/2019 00:28:45.282;116;-12826.695;5128.281;1.179;13.274;356.48;94;0.5676;308;0.000797616;58;0.9306;3.72329;13.2830;0.19;9999.00;
15/06/2019 00:29:15.287;116;-12826.705;5128.276;1.285;13.274;356.48;96;0.5934;310;0.000803728;61;1.2408;3.72334;13.2829;0.20;9999.00;
15/06/2019 00:29:45.299;110;-12826.705;5128.276;2.175;13.268;356.56;108;0.7482;325;0.000849568;57;0.8272;3.72364;13.2804;1.78;9999.00;
15/06/2019 00:30:15.307;110;-12826.705;5128.276;8.508;12.668;361.36;173;1.5867;355;0.000941248;61;1.2408;3.70425;12.6989;8.00;9999.00;
15/06/2019 00:30:45.312;100;-12826.705;5128.276;13.888;11.196;331.53;198;1.9092;267;0.000672320;66;1.7578;3.60232;11.2090;14.93;9999.00;
15/06/2019 00:31:15.320;100;-12826.705;5128.276;22.148;10.695;320.20;158;1.3932;216;0.000516464;63;1.4476;3.57926;10.7962;21.27;9999.00;
15/06/2019 00:31:45.326;100;-12826.705;5128.276;26.173;9.831;302.49;94;0.5676;154;0.000326992;61;1.2408;3.51014;9.9352;26.92;9999.00;
15/06/2019 00:32:15.332;100;-12826.705;5128.276;34.115;9.213;280.16;71;0.2709;130;0.000253648;61;1.2408;3.45920;9.2348;33.39;9999.00;
15/06/2019 00:32:45.338;100;-12826.705;5128.276;37.736;9.029;271.93;66;0.2064;120;0.000223088;63;1.4476;3.44353;9.0227;38.55;9999.00;
15/06/2019 00:33:15.345;100;-12826.705;5128.276;45.191;8.675;262.44;59;0.1161;132;0.000259760;62;1.3442;3.42194;8.6620;44.68;9999.00;
15/06/2019 00:33:45.350;100;-12826.705;5128.276;48.897;8.560;252.32;59;0.1161;115;0.000207808;59;1.0340;3.42145;8.5863;49.82;9999.00;
15/06/2019 00:34:15.356;100;-12826.705;5128.276;55.886;8.408;242.54;56;0.0774;120;0.000223088;62;1.3442;3.42223;8.5381;55.54;9999.00;
15/06/2019 00:34:45.364;100;-12826.705;5128.276;59.443;8.355;238.66;61;0.1419;115;0.000207808;59;1.0340;3.41359;8.3681;60.60;9999.00;
15/06/2019 00:35:15.364;100;-12826.705;5128.276;66.558;8.139;223.25;53;0.0387;113;0.000201696;60;1.1374;3.40549;8.1553;66.25;9999.00;
15/06/2019 00:35:45.377;100;-12826.705;5128.276;70.010;8.141;238.44;55;0.0645;117;0.000213920;59;1.0340;3.42029;8.1515;71.17;9999.00;
15/06/2019 00:36:15.384;100;-12826.705;5128.276;76.638;8.050;226.18;54;0.0516;126;0.000241424;59;1.0340;3.41857;8.0634;76.58;9999.00;
15/06/2019 00:36:45.391;100;-12826.705;5128.276;80.047;7.867;201.95;53;0.0387;118;0.000216976;61;1.2408;3.41876;7.8689;81.42;9999.00;
15/06/2019 00:37:15.397;100;-12826.705;5128.276;86.378;7.789;192.33;55;0.0645;128;0.000247536;59;1.0340;3.42251;7.7894;86.47;9999.00;
15/06/2019 00:37:45.403;100;-12826.705;5128.276;89.491;7.731;186.84;54;0.0516;124;0.000235312;60;1.1374;3.42806;7.7376;90.93;9999.00;
15/06/2019 00:38:15.411;100;-12826.705;5128.276;95.292;7.633;171.07;53;0.0387;150;0.000314768;62;1.3442;3.42891;7.6326;95.63;9999.00;
15/06/2019 00:38:45.417;100;-12826.705;5128.276;98.002;7.582;163.44;53;0.0387;138;0.000278096;60;1.1374;3.42912;7.5883;99.49;9999.00;
15/06/2019 00:39:15.423;100;-12826.705;5128.276;103.380;7.552;158.25;52;0.0258;125;0.000238368;59;1.0340;3.43177;7.5536;103.88;9999.00;
15/06/2019 00:39:45.430;100;-12826.705;5128.276;106.175;7.511;153.71;56;0.0774;129;0.000250592;62;1.3442;3.43295;7.5326;107.70;9999.00;
15/06/2019 00:40:15.436;100;-12826.705;5128.276;111.447;7.428;139.85;53;0.0387;170;0.000375888;60;1.1374;3.43097;7.4291;111.99;9999.00;
15/06/2019 00:40:45.443;100;-12826.705;5128.276;113.987;7.389;128.57;52;0.0258;132;0.000259760;60;1.1374;3.43137;7.3972;115.69;9999.00;
15/06/2019 00:41:15.450;100;-12826.705;5128.276;119.026;7.284;124.65;51;0.0129;334;0.000877072;63;1.4476;3.42795;7.2907;119.73;9999.00;
15/06/2019 00:41:45.457;100;-12826.705;5128.276;121.355;7.111;110.51;53;0.0387;162;0.000351440;61;1.2408;3.42259;7.1468;123.14;9999.00;
15/06/2019 00:42:15.463;100;-12826.705;5128.276;126.139;7.080;106.69;54;0.0516;155;0.000330048;61;1.2408;3.41959;7.0823;126.98;9999.00;
15/06/2019 00:42:45.473;100;-12826.705;5128.276;128.468;7.012;106.05;54;0.0516;155;0.000330048;61;1.2408;3.41651;7.0223;130.32;9999.00;
15/06/2019 00:43:15.480;100;-12826.705;5128.276;132.871;6.850;102.84;54;0.0516;158;0.000339216;59;1.0340;3.40865;6.8597;133.87;9999.00;
15/06/2019 00:43:45.486;100;-12826.705;5128.276;134.946;6.747;93.91;57;0.0903;159;0.000342272;62;1.3442;3.40421;6.7508;136.88;9999.00;
15/06/2019 00:44:15.493;100;-12826.705;5128.276;139.243;6.607;90.75;55;0.0645;174;0.000388112;62;1.3442;3.39599;6.6142;140.29;9999.00;
15/06/2019 00:44:45.501;100;-12826.705;5128.276;141.275;6.498;87.23;56;0.0774;185;0.000421728;61;1.2408;3.38901;6.5015;143.28;9999.00;
15/06/2019 00:45:15.507;100;-12826.705;5128.276;145.297;6.332;86.60;54;0.0516;184;0.000418672;60;1.1374;3.37681;6.3304;146.52;9999.00;
15/06/2019 00:45:45.515;100;-12826.705;5128.276;147.287;6.312;87.58;54;0.0516;178;0.000400336;63;1.4476;3.37528;6.3116;149.31;9999.00;
15/06/2019 00:46:15.521;100;-12826.705;5128.276;151.224;6.266;85.85;54;0.0516;194;0.000449232;64;1.5510;3.37284;6.2759;152.54;9999.00;
15/06/2019 00:46:45.528;100;-12826.705;5128.276;153.362;6.175;79.53;57;0.0903;258;0.000644816;61;1.2408;3.36605;6.1824;155.50;9999.00;
15/06/2019 00:47:15.532;100;-12826.705;5128.276;157.532;6.144;77.91;55;0.0645;294;0.000754832;62;1.3442;3.36302;6.1433;158.91;9999.00;
15/06/2019 00:47:45.539;100;-12826.705;5128.276;159.586;6.137;77.48;52;0.0258;304;0.000785392;61;1.2408;3.36268;6.1400;161.82;9999.00;
15/06/2019 00:48:15.546;100;-12826.705;5128.276;163.586;6.125;77.31;54;0.0516;341;0.000898464;62;1.3442;3.36170;6.1271;165.10;9999.00;
15/06/2019 00:48:45.553;100;-12826.705;5128.276;165.618;6.119;77.27;56;0.0774;358;0.000950416;61;1.2408;3.36133;6.1216;167.97;9999.00;
15/06/2019 00:49:15.561;100;-12826.705;5128.276;169.682;6.114;77.75;54;0.0516;334;0.000877072;63;1.4476;3.36090;6.1156;171.23;9999.00;
15/06/2019 00:49:45.566;100;-12826.705;5128.276;171.693;6.107;77.95;56;0.0774;377;0.001008480;61;1.2408;3.36082;6.1140;174.08;9999.00;
15/06/2019 00:50:15.573;118;-12826.705;5128.276;174.127;6.101;78.29;54;0.0516;380;0.001017648;63;1.4476;3.35998;6.1034;175.41;9999.00;
15/06/2019 00:50:45.581;118;-12826.705;5128.276;170.317;6.112;77.88;53;0.0387;341;0.000898464;62;1.3442;3.36066;6.1149;171.93;9999.00;
15/06/2019 00:51:15.588;117;-12826.705;5128.276;163.967;6.122;77.18;54;0.0516;315;0.000819008;63;1.4476;3.36117;6.1255;165.22;9999.00;
15/06/2019 00:51:45.595;117;-12826.705;5128.276;158.993;6.160;79.84;51;0.0129;245;0.000605088;60;1.1374;3.36318;6.1566;158.76;9999.00;
15/06/2019 00:52:15.611;117;-12826.705;5128.276;150.060;6.281;86.21;54;0.0516;192;0.000443120;61;1.2408;3.37209;6.2857;151.51;9999.00;
15/06/2019 00:52:45.618;117;-12826.705;5128.276;145.403;6.346;87.16;53;0.0387;187;0.000427840;62;1.3442;3.37552;6.3341;144.99;9999.00;
15/06/2019 00:53:15.622;117;-12826.705;5128.276;136.047;6.724;90.76;51;0.0129;161;0.000348384;62;1.3442;3.39959;6.7101;137.37;9999.00;
15/06/2019 00:53:45.629;117;-12826.705;5128.276;131.749;7.005;107.07;50;0.0000;153;0.000323936;60;1.1374;3.41112;6.9763;131.13;9999.00;
15/06/2019 00:54:15.635;117;-12826.705;5128.276;123.451;7.151;108.85;54;0.0516;151;0.000317824;60;1.1374;3.41915;7.1291;124.45;9999.00;
15/06/2019 00:54:45.641;117;-12826.705;5128.276;119.471;7.292;122.81;52;0.0258;135;0.000268928;61;1.2408;3.42533;7.2905;118.83;9999.00;
15/06/2019 00:55:15.648;117;-12826.705;5128.276;115.681;7.413;134.74;54;0.0516;128;0.000247536;62;1.3442;3.42950;7.4129;112.67;9999.00;
15/06/2019 00:55:45.654;117;-12826.705;5128.276;108.144;7.483;147.65;55;0.0645;152;0.000320880;60;1.1374;3.43110;7.4883;107.34;9999.00;
15/06/2019 00:56:15.662;117;-12826.705;5128.276;104.460;7.560;158.21;52;0.0258;163;0.000354496;59;1.0340;3.42866;7.5585;101.43;9999.00;
15/06/2019 00:56:45.669;117;-12826.705;5128.276;97.261;7.673;173.47;55;0.0645;166;0.000363664;62;1.3442;3.42664;7.6657;96.31;9999.00;
15/06/2019 00:57:15.676;117;-12826.705;5128.276;93.535;7.726;183.92;55;0.0645;135;0.000268928;59;1.0340;3.42692;7.7281;90.12;9999.00;
15/06/2019 00:57:45.827;117;-12826.705;5128.276;86.188;7.822;192.99;54;0.0516;121;0.000226144;60;1.1374;3.42070;7.7945;85.20;9999.00;
15/06/2019 00:58:15.833;117;-12826.705;5128.276;80.301;7.989;207.64;55;0.0645;122;0.000229200;62;1.3442;3.41485;7.9654;80.49;9999.00;
15/06/2019 00:58:45.839;117;-12826.705;5128.276;77.739;8.037;220.84;54;0.0516;122;0.000229200;61;1.2408;3.41590;8.0434;76.78;9999.00;
15/06/2019 00:59:15.845;117;-12826.705;5128.276;72.382;8.139;238.80;55;0.0645;121;0.000226144;61;1.2408;3.41660;8.1468;72.37;9999.00;
15/06/2019 00:59:45.852;117;-12826.705;5128.276;69.735;8.075;213.52;55;0.0645;110;0.000192528;61;1.2408;3.40086;8.0788;68.66;9999.00;
15/06/2019 01:00:15.858;117;-12826.705;5128.276;64.653;8.181;231.24;53;0.0387;116;0.000210864;62;1.3442;3.40299;8.1885;64.50;9999.00;
15/06/2019 01:00:45.863;117;-12826.705;5128.276;62.196;8.377;237.07;60;0.1290;115;0.000207808;61;1.2408;3.41139;8.3731;61.00;9999.00;
15/06/2019 01:01:15.870;117;-12826.705;5128.276;57.262;8.449;242.17;58;0.1032;118;0.000216976;62;1.3442;3.41300;8.4565;57.00;9999.00;
15/06/2019 01:01:45.877;117;-12826.705;5128.276;55.039;8.533;242.43;57;0.0903;123;0.000232256;61;1.2408;3.41915;8.5516;53.74;9999.00;
15/06/2019 01:02:15.882;117;-12826.705;5128.276;50.295;8.618;248.93;62;0.1548;119;0.000220032;61;1.2408;3.42019;8.6177;49.92;9999.00;
15/06/2019 01:02:45.891;117;-12826.705;5128.276;47.923;8.678;259.71;64;0.1806;121;0.000226144;65;1.6544;3.41915;8.6858;46.58;9999.00;
15/06/2019 01:03:15.895;117;-12826.705;5128.276;43.264;8.808;260.60;64;0.1806;122;0.000229200;63;1.4476;3.42807;8.8169;42.85;9999.00;
15/06/2019 01:03:45.902;117;-12826.705;5128.276;41.125;8.974;271.02;63;0.1677;126;0.000241424;63;1.4476;3.43097;8.9142;39.70;9999.00;
15/06/2019 01:04:15.915;117;-12826.705;5128.276;36.741;9.096;274.16;72;0.2838;125;0.000238368;63;1.4476;3.44387;9.1030;36.13;9999.00;
15/06/2019 01:04:45.921;117;-12826.705;5128.276;34.560;9.194;275.26;75;0.3225;135;0.000268928;62;1.3442;3.45093;9.1930;33.07;9999.00;
15/06/2019 01:05:15.929;117;-12826.705;5128.276;32.378;9.446;281.62;83;0.4257;149;0.000311712;63;1.4476;3.46643;9.4538;29.50;9999.00;
15/06/2019 01:05:45.935;117;-12826.705;5128.276;28.036;9.964;293.47;121;0.9159;185;0.000421728;63;1.4476;3.50382;9.9633;26.51;9999.00;
15/06/2019 01:06:15.941;117;-12826.705;5128.276;26.109;10.474;310.22;149;1.2771;215;0.000513408;64;1.5510;3.54435;10.4568;23.51;9999.00;
15/06/2019 01:06:45.947;117;-12826.705;5128.276;22.720;10.692;317.72;161;1.4319;223;0.000537856;63;1.4476;3.56657;10.7294;21.11;9999.00;
15/06/2019 01:07:15.953;117;-12826.705;5128.276;20.962;11.268;329.54;246;2.5284;301;0.000776224;63;1.4476;3.60866;11.2568;18.36;9999.00;
15/06/2019 01:07:45.961;117;-12826.705;5128.276;17.701;11.266;328.86;249;2.5671;292;0.000748720;61;1.2408;3.60420;11.2722;16.07;9999.00;
15/06/2019 01:08:15.968;117;-12826.705;5128.276;15.985;11.478;340.64;254;2.6316;324;0.000846512;63;1.4476;3.60794;11.4717;13.26;9999.00;
15/06/2019 01:08:45.975;117;-12826.705;5128.276;12.596;11.799;353.34;258;2.6832;395;0.001063488;66;1.7578;3.62822;11.6899;10.89;9999.00;
15/06/2019 01:09:15.992;117;-12826.705;5128.276;11.071;12.674;361.94;169;1.5351;342;0.000901520;59;1.0340;3.69783;12.6857;8.35;9999.00;
