PLD_REALTIMECLOCK;NAV_RESOURCE;NAV_LONGITUDE;NAV_LATITUDE;NAV_DEPTH;AROD_FT_TEMP;AROD_FT_DO;FLBBCD_CHL_COUNT;FLBBCD_CHL_SCALED;FLBBCD_BB_700_COUNT;FLBBCD_BB_700_SCALED;FLBBCD_CDOM_COUNT;FLBBCD_CDOM_SCALED;GPCTD_CONDUCTIVITY;GPCTD_TEMPERATURE;GPCTD_PRESSURE;GPCTD_DOF;
16/06/2019 21:44:56.150;110;-12834.767;5127.070;3.297;12.952;334.19;81;0.3999;268;0.000675376;58;0.9306;3.76637;12.9784;2.08;9999.00;
16/06/2019 21:45:26.157;110;-12834.767;5127.070;7.131;12.742;336.42;96;0.5934;265;0.000666208;59;1.0340;3.74721;12.7486;6.37;9999.00;
16/06/2019 21:45:56.164;100;-12834.767;5127.070;11.473;12.158;340.56;146;1.2384;219;0.000525632;63;1.4476;3.70275;12.2295;13.24;9999.00;
16/06/2019 21:46:26.176;100;-12834.767;5127.070;20.433;11.318;337.60;167;1.5093;169;0.000372832;63;1.4476;3.65426;11.6467;19.26;9999.00;
16/06/2019 21:46:56.184;100;-12834.767;5127.070;24.436;10.483;322.03;270;2.8380;222;0.000534800;61;1.2408;3.56731;10.4935;25.88;9999.00;
16/06/2019 21:47:26.192;100;-12834.767;5127.070;32.675;9.494;297.73;97;0.6063;158;0.000339216;61;1.2408;3.51219;9.7709;31.64;9999.00;
16/06/2019 21:47:56.199;100;-12834.767;5127.070;36.699;9.459;294.15;75;0.3225;154;0.000326992;65;1.6544;3.49074;9.4520;38.20;9999.00;
16/06/2019 21:48:26.206;100;-12834.767;5127.070;44.577;9.231;291.36;78;0.3612;154;0.000326992;60;1.1374;3.47743;9.2709;43.81;9999.00;
16/06/2019 21:48:56.213;100;-12834.767;5127.070;48.516;8.858;292.92;64;0.1806;137;0.000275040;61;1.2408;3.44478;8.8841;50.18;9999.00;
16/06/2019 21:49:26.220;100;-12834.767;5127.070;56.246;8.580;279.44;57;0.0903;133;0.000262816;59;1.0340;3.43413;8.6473;55.67;9999.00;
16/06/2019 21:49:56.237;100;-12834.767;5127.070;60.015;8.399;264.46;55;0.0645;179;0.000403392;61;1.2408;3.42869;8.4144;61.82;9999.00;
16/06/2019 21:50:26.243;100;-12834.767;5127.070;67.469;8.242;250.94;54;0.0516;125;0.000238368;60;1.1374;3.42473;8.2466;67.05;9999.00;
16/06/2019 21:50:56.250;100;-12834.767;5127.070;70.984;8.157;243.77;56;0.0774;127;0.000244480;61;1.2408;3.42159;8.1583;72.71;9999.00;
16/06/2019 21:51:26.256;100;-12834.767;5127.070;77.591;8.125;241.24;53;0.0387;126;0.000241424;59;1.0340;3.42111;8.1318;77.47;9999.00;
16/06/2019 21:51:56.263;100;-12834.767;5127.070;81.021;8.007;230.80;55;0.0645;142;0.000290320;58;0.9306;3.41981;8.0118;82.89;9999.00;
16/06/2019 21:52:26.268;100;-12834.767;5127.070;87.606;7.949;226.04;53;0.0387;145;0.000299488;59;1.0340;3.41853;7.9640;87.59;9999.00;
16/06/2019 21:52:56.274;100;-12834.767;5127.070;91.100;7.908;220.32;55;0.0645;136;0.000271984;61;1.2408;3.41891;7.9116;93.08;9999.00;
16/06/2019 21:53:26.280;100;-12834.767;5127.070;97.494;7.880;216.85;53;0.0387;137;0.000275040;61;1.2408;3.41883;7.8840;97.63;9999.00;
16/06/2019 21:53:56.287;100;-12834.767;5127.070;100.755;7.828;206.08;53;0.0387;146;0.000302544;60;1.1374;3.42455;7.8302;102.93;9999.00;
16/06/2019 21:54:26.295;100;-12834.767;5127.070;106.979;7.753;198.00;54;0.0516;135;0.000268928;60;1.1374;3.42614;7.7806;107.32;9999.00;
16/06/2019 21:54:56.301;100;-12834.767;5127.070;110.071;7.700;188.58;52;0.0258;146;0.000302544;60;1.1374;3.42692;7.7035;112.28;9999.00;
16/06/2019 21:55:26.307;100;-12834.767;5127.070;115.808;7.625;180.85;53;0.0387;149;0.000311712;61;1.2408;3.42853;7.6409;116.30;9999.00;
16/06/2019 21:55:56.314;100;-12834.767;5127.070;118.518;7.503;162.67;52;0.0258;145;0.000299488;61;1.2408;3.42582;7.5089;120.72;9999.00;
16/06/2019 21:56:26.319;100;-12834.767;5127.070;123.789;7.404;141.85;56;0.0774;142;0.000290320;58;0.9306;3.42900;7.4124;124.46;9999.00;
16/06/2019 21:56:56.327;100;-12834.767;5127.070;126.182;7.365;133.64;54;0.0516;145;0.000299488;60;1.1374;3.42891;7.3658;128.32;9999.00;
16/06/2019 21:57:26.332;100;-12834.767;5127.070;130.839;7.338;129.00;51;0.0129;143;0.000293376;61;1.2408;3.42882;7.3427;131.61;9999.00;
16/06/2019 21:57:56.338;100;-12834.767;5127.070;133.189;7.148;118.51;55;0.0645;142;0.000290320;61;1.2408;3.42331;7.1601;135.44;9999.00;
16/06/2019 21:58:26.345;100;-12834.767;5127.070;137.655;6.725;97.98;55;0.0645;156;0.000333104;62;1.3442;3.40607;6.7945;138.59;9999.00;
16/06/2019 21:58:56.350;100;-12834.767;5127.070;139.518;6.583;88.90;52;0.0258;182;0.000412560;63;1.4476;3.39445;6.5862;141.73;9999.00;
16/06/2019 21:59:26.353;100;-12834.767;5127.070;143.308;6.496;90.12;54;0.0516;158;0.000339216;61;1.2408;3.39059;6.5033;144.39;9999.00;
16/06/2019 21:59:56.366;100;-12834.767;5127.070;145.234;6.395;89.36;54;0.0516;181;0.000409504;63;1.4476;3.38244;6.3949;147.45;9999.00;
16/06/2019 22:00:26.373;100;-12834.767;5127.070;148.959;6.333;85.05;54;0.0516;169;0.000372832;63;1.4476;3.37810;6.3376;150.16;9999.00;
16/06/2019 22:00:56.378;100;-12834.767;5127.070;150.949;6.222;84.36;51;0.0129;167;0.000366720;63;1.4476;3.37095;6.2428;153.28;9999.00;
16/06/2019 22:01:26.385;100;-12834.767;5127.070;154.738;6.100;80.34;52;0.0258;233;0.000568416;61;1.2408;3.36158;6.1228;156.00;9999.00;
16/06/2019 22:01:56.392;100;-12834.767;5127.070;156.601;6.043;78.15;54;0.0516;252;0.000626480;62;1.3442;3.35527;6.0439;159.10;9999.00;
16/06/2019 22:02:26.399;100;-12834.767;5127.070;160.559;6.030;77.94;51;0.0129;270;0.000681488;63;1.4476;3.35400;6.0303;161.88;9999.00;
16/06/2019 22:02:56.405;100;-12834.767;5127.070;162.591;6.026;77.77;54;0.0516;300;0.000773168;65;1.6544;3.35379;6.0285;165.11;9999.00;
16/06/2019 22:03:26.411;100;-12834.767;5127.070;166.549;6.026;77.75;55;0.0645;292;0.000748720;62;1.3442;3.35377;6.0278;167.98;9999.00;
16/06/2019 22:03:56.417;100;-12834.767;5127.070;168.624;6.025;77.72;52;0.0258;296;0.000760944;63;1.4476;3.35375;6.0278;171.23;9999.00;
16/06/2019 22:04:26.424;100;-12834.767;5127.070;172.624;6.024;77.67;54;0.0516;301;0.000776224;64;1.5510;3.35379;6.0274;174.10;9999.00;
16/06/2019 22:04:56.430;100;-12834.767;5127.070;174.614;6.024;77.59;55;0.0645;292;0.000748720;61;1.2408;3.35383;6.0267;177.38;9999.00;
16/06/2019 22:05:26.439;100;-12834.767;5127.070;178.698;6.023;77.60;54;0.0516;310;0.000803728;60;1.1374;3.35391;6.0263;180.24;9999.00;
16/06/2019 22:05:56.446;100;-12834.767;5127.070;180.646;6.024;77.56;55;0.0645;317;0.000825120;62;1.3442;3.35405;6.0269;183.53;9999.00;
16/06/2019 22:06:26.450;100;-12834.767;5127.070;184.773;6.023;77.48;55;0.0645;309;0.000800672;63;1.4476;3.35414;6.0266;186.43;9999.00;
16/06/2019 22:06:56.459;100;-12834.767;5127.070;186.805;6.023;77.45;55;0.0645;327;0.000855680;64;1.5510;3.35427;6.0269;189.70;9999.00;
16/06/2019 22:07:26.464;100;-12834.767;5127.070;190.805;6.023;77.44;54;0.0516;335;0.000880128;63;1.4476;3.35437;6.0266;192.59;9999.00;
16/06/2019 22:07:56.473;118;-12834.767;5127.070;190.529;6.023;77.41;55;0.0645;432;0.001176560;63;1.4476;3.35427;6.0265;191.48;9999.00;
16/06/2019 22:08:26.479;118;-12834.767;5127.070;185.746;6.022;77.38;53;0.0387;314;0.000815952;63;1.4476;3.35405;6.0269;187.03;9999.00;
16/06/2019 22:08:56.486;117;-12834.767;5127.070;181.746;6.022;77.47;52;0.0258;289;0.000739552;62;1.3442;3.35374;6.0261;180.17;9999.00;
16/06/2019 22:09:26.492;117;-12834.767;5127.070;172.476;6.022;77.51;56;0.0774;293;0.000751776;61;1.2408;3.35345;6.0267;173.96;9999.00;
16/06/2019 22:09:56.499;117;-12834.767;5127.070;168.052;6.022;77.60;55;0.0645;283;0.000721216;62;1.3442;3.35315;6.0273;166.76;9999.00;
16/06/2019 22:10:26.506;117;-12834.767;5127.070;159.183;6.023;77.60;54;0.0516;287;0.000733440;63;1.4476;3.35285;6.0273;160.46;9999.00;
16/06/2019 22:10:56.512;117;-12834.767;5127.070;154.802;6.138;79.64;54;0.0516;192;0.000443120;61;1.2408;3.36039;6.1346;153.27;9999.00;
16/06/2019 22:11:26.518;117;-12834.767;5127.070;145.784;6.355;81.77;54;0.0516;173;0.000385056;61;1.2408;3.37528;6.3342;146.87;9999.00;
16/06/2019 22:11:56.526;117;-12834.767;5127.070;141.402;6.547;87.98;52;0.0258;174;0.000388112;60;1.1374;3.38893;6.5476;139.72;9999.00;
16/06/2019 22:12:26.532;117;-12834.767;5127.070;132.046;7.013;110.70;53;0.0387;147;0.000305600;60;1.1374;3.41119;7.0074;132.90;9999.00;
16/06/2019 22:12:56.538;117;-12834.767;5127.070;128.045;7.285;123.69;54;0.0516;152;0.000320880;60;1.1374;3.42371;7.2790;126.40;9999.00;
16/06/2019 22:13:26.543;117;-12834.767;5127.070;120.550;7.398;145.30;54;0.0516;148;0.000308656;60;1.1374;3.42466;7.3836;121.15;9999.00;
16/06/2019 22:13:56.552;117;-12834.767;5127.070;117.332;7.598;170.03;53;0.0387;144;0.000296432;61;1.2408;3.42441;7.5752;115.84;9999.00;
16/06/2019 22:14:26.559;117;-12834.767;5127.070;111.066;7.636;179.64;54;0.0516;141;0.000287264;61;1.2408;3.42652;7.6324;111.37;9999.00;
16/06/2019 22:14:56.567;117;-12834.767;5127.070;107.742;7.762;195.83;52;0.0258;137;0.000275040;62;1.3442;3.42480;7.7307;106.10;9999.00;
16/06/2019 22:15:26.574;117;-12834.767;5127.070;101.750;7.828;205.06;55;0.0645;131;0.000256704;61;1.2408;3.42309;7.8310;101.83;9999.00;
16/06/2019 22:15:56.582;117;-12834.767;5127.070;99.019;7.847;208.29;57;0.0903;137;0.000275040;62;1.3442;3.42205;7.8558;97.54;9999.00;
16/06/2019 22:16:26.588;117;-12834.767;5127.070;93.683;7.920;218.58;52;0.0258;134;0.000265872;60;1.1374;3.41903;7.9215;93.76;9999.00;
16/06/2019 22:16:56.593;117;-12834.767;5127.070;90.782;7.961;223.05;52;0.0258;130;0.000253648;61;1.2408;3.41773;7.9686;89.06;9999.00;
16/06/2019 22:17:26.599;117;-12834.767;5127.070;85.277;8.053;231.78;54;0.0516;130;0.000253648;61;1.2408;3.41868;8.0299;85.19;9999.00;
16/06/2019 22:17:56.607;117;-12834.767;5127.070;82.588;8.132;239.70;56;0.0774;132;0.000259760;59;1.0340;3.41944;8.1386;80.75;9999.00;
16/06/2019 22:18:26.613;117;-12834.767;5127.070;76.977;8.175;244.12;54;0.0516;136;0.000271984;63;1.4476;3.42090;8.1798;76.77;9999.00;
16/06/2019 22:18:56.621;117;-12834.767;5127.070;74.224;8.228;248.18;55;0.0645;132;0.000259760;62;1.3442;3.42156;8.2306;72.22;9999.00;
16/06/2019 22:19:26.626;117;-12834.767;5127.070;68.761;8.401;261.63;59;0.1161;139;0.000281152;58;0.9306;3.42364;8.3699;68.42;9999.00;
16/06/2019 22:19:56.634;117;-12834.767;5127.070;66.262;8.561;274.55;60;0.1290;138;0.000278096;62;1.3442;3.42781;8.5691;64.35;9999.00;
16/06/2019 22:20:26.641;117;-12834.767;5127.070;61.561;8.730;284.81;59;0.1161;137;0.000275040;60;1.1374;3.43298;8.7212;61.03;9999.00;
16/06/2019 22:20:56.647;117;-12834.767;5127.070;59.274;8.964;287.01;66;0.2064;169;0.000372832;63;1.4476;3.45026;8.9633;57.28;9999.00;
16/06/2019 22:21:26.654;117;-12834.767;5127.070;54.149;9.110;286.06;67;0.2193;160;0.000345328;61;1.2408;3.46236;9.1119;53.61;9999.00;
16/06/2019 22:21:56.661;117;-12834.767;5127.070;51.566;9.187;286.84;66;0.2064;186;0.000424784;63;1.4476;3.46909;9.1971;49.46;9999.00;
16/06/2019 22:22:26.667;117;-12834.767;5127.070;46.546;9.385;289.76;73;0.2967;195;0.000452288;60;1.1374;3.47917;9.3495;45.86;9999.00;
16/06/2019 22:22:56.674;117;-12834.767;5127.070;43.899;9.523;293.76;80;0.3870;190;0.000437008;61;1.2408;3.49278;9.5321;41.70;9999.00;
16/06/2019 22:23:26.681;117;-12834.767;5127.070;39.113;9.902;305.10;145;1.2255;185;0.000421728;60;1.1374;3.51704;9.9148;38.24;9999.00;
16/06/2019 22:23:56.687;117;-12834.767;5127.070;36.910;9.979;308.69;208;2.0382;236;0.000577584;61;1.2408;3.52339;9.9926;34.66;9999.00;
16/06/2019 22:24:26.694;117;-12834.767;5127.070;32.399;10.311;314.94;249;2.5671;224;0.000540912;63;1.4476;3.54170;10.2538;31.49;9999.00;
16/06/2019 22:24:56.699;117;-12834.767;5127.070;30.366;10.697;322.76;195;1.8705;192;0.000443120;63;1.4476;3.57433;10.6646;28.07;9999.00;
16/06/2019 22:25:26.705;117;-12834.767;5127.070;26.427;10.890;329.20;178;1.6512;194;0.000449232;65;1.6544;3.59348;10.9059;25.31;9999.00;
16/06/2019 22:25:56.711;117;-12834.767;5127.070;24.393;11.057;330.95;223;2.2317;188;0.000430896;61;1.2408;3.60324;11.0334;22.06;9999.00;
16/06/2019 22:26:26.718;117;-12834.767;5127.070;20.073;11.618;335.52;186;1.7544;203;0.000476736;61;1.2408;3.64512;11.5963;18.92;9999.00;
16/06/2019 22:26:56.725;117;-12834.767;5127.070;18.145;11.903;338.24;153;1.3287;186;0.000424784;61;1.2408;3.67281;11.9276;15.83;9999.00;
16/06/2019 22:27:26.730;117;-12834.767;5127.070;14.566;12.094;339.88;147;1.2513;216;0.000516464;63;1.4476;3.68777;12.1058;13.23;9999.00;
16/06/2019 22:27:56.737;117;-12834.767;5127.070;12.829;12.376;337.58;110;0.7740;233;0.000568416;58;0.9306;3.71381;12.4069;10.43;9999.00;
16/06/2019 22:28:26.745;117;-12834.767;5127.070;9.631;12.565;336.85;91;0.5289;250;0.000620368;57;0.8272;3.72981;12.5797;8.22;9999.00;
