PLD_REALTIMECLOCK;NAV_RESOURCE;NAV_LONGITUDE;NAV_LATITUDE;NAV_DEPTH;AROD_FT_TEMP;AROD_FT_DO;FLBBCD_CHL_COUNT;FLBBCD_CHL_SCALED;FLBBCD_BB_700_COUNT;FLBBCD_BB_700_SCALED;FLBBCD_CDOM_COUNT;FLBBCD_CDOM_SCALED;GPCTD_CONDUCTIVITY;GPCTD_TEMPERATURE;GPCTD_PRESSURE;GPCTD_DOF;
13/06/2019 19:11:17.848;115;-12818.246;5140.766;8.275;11.825;368.62;391;4.3989;393;0.001057376;64;1.5510;3.62943;11.8388;8.74;9999.00;
13/06/2019 19:11:47.855;115;-12818.246;5140.766;1.412;12.393;362.75;105;0.7095;291;0.000745664;61;1.2408;3.65426;12.4281;0.70;9999.00;
13/06/2019 19:12:17.863;116;-12818.246;5140.766;1.094;12.410;363.32;98;0.6192;284;0.000724272;62;1.3442;3.65561;12.4301;0.85;9999.00;
13/06/2019 19:12:47.871;116;-12818.246;5140.766;1.137;12.427;363.50;113;0.8127;284;0.000724272;56;0.7238;3.65618;12.4361;0.28;9999.00;
13/06/2019 19:13:18.085;116;-12818.221;5140.505;1.031;12.423;364.10;100;0.6450;279;0.000708992;67;1.8612;3.65615;12.4326;0.22;9999.00;
13/06/2019 19:13:48.093;116;-12818.229;5140.500;1.116;12.432;363.70;109;0.7611;282;0.000718160;63;1.4476;3.65720;12.4470;0.14;9999.00;
13/06/2019 19:14:18.098;116;-12818.231;5140.493;1.073;12.433;363.59;108;0.7482;313;0.000812896;61;1.2408;3.65779;12.4528;0.33;9999.00;
13/06/2019 19:14:48.105;116;-12818.238;5140.489;1.094;12.430;364.01;94;0.5676;302;0.000779280;61;1.2408;3.65728;12.4474;0.24;9999.00;
13/06/2019 19:15:18.113;116;-12818.239;5140.488;1.052;12.417;364.00;103;0.6837;289;0.000739552;60;1.1374;3.65695;12.4345;0.31;9999.00;
13/06/2019 19:15:48.119;116;-12818.239;5140.488;1.052;12.424;363.87;105;0.7095;275;0.000696768;66;1.7578;3.65706;12.4341;0.78;9999.00;
13/06/2019 19:16:18.125;116;-12818.252;5140.479;1.094;12.432;363.91;105;0.7095;301;0.000776224;57;0.8272;3.65710;12.4391;0.38;9999.00;
13/06/2019 19:16:48.131;116;-12818.262;5140.469;1.200;12.429;363.60;101;0.6579;313;0.000812896;59;1.0340;3.65732;12.4372;0.85;9999.00;
13/06/2019 19:17:18.136;116;-12818.272;5140.458;1.094;12.423;364.13;100;0.6450;291;0.000745664;65;1.6544;3.65730;12.4422;0.15;9999.00;
13/06/2019 19:17:48.144;116;-12818.276;5140.455;1.327;12.428;363.61;102;0.6708;286;0.000730384;65;1.6544;3.65702;12.4296;1.03;9999.00;
13/06/2019 19:18:18.150;116;-12818.282;5140.447;1.158;12.428;363.82;105;0.7095;285;0.000727328;58;0.9306;3.65702;12.4401;0.12;9999.00;
13/06/2019 19:18:48.156;116;-12818.286;5140.443;1.222;12.439;363.36;111;0.7869;293;0.000751776;58;0.9306;3.65703;12.4319;0.80;9999.00;
13/06/2019 19:19:18.163;116;-12818.291;5140.438;1.052;12.423;363.80;102;0.6708;288;0.000736496;63;1.4476;3.65732;12.4392;0.19;9999.00;
13/06/2019 19:19:48.169;116;-12818.294;5140.435;1.222;12.425;363.86;104;0.6966;301;0.000776224;67;1.8612;3.65679;12.4260;1.03;9999.00;
13/06/2019 19:20:18.174;110;-12818.299;5140.429;1.031;12.427;363.96;102;0.6708;314;0.000815952;63;1.4476;3.65704;12.4350;0.26;9999.00;
13/06/2019 19:20:48.182;110;-12818.299;5140.429;3.721;12.397;364.56;146;1.2384;325;0.000849568;65;1.6544;3.65655;12.4126;3.46;9999.00;
13/06/2019 19:21:18.187;110;-12818.299;5140.429;9.143;11.702;362.56;541;6.3339;360;0.000956528;65;1.6544;3.62794;11.7807;10.17;9999.00;
13/06/2019 19:21:48.194;100;-12818.299;5140.429;16.684;11.535;347.69;288;3.0702;336;0.000883184;64;1.5510;3.62880;11.5411;15.57;9999.00;
13/06/2019 19:22:18.200;100;-12818.299;5140.429;19.395;11.203;330.68;157;1.3803;238;0.000583696;65;1.6544;3.60574;11.2381;19.56;9999.00;
13/06/2019 19:22:48.207;100;-12818.299;5140.429;24.859;10.824;316.61;120;0.9030;196;0.000455344;63;1.4476;3.57749;10.8632;24.01;9999.00;
13/06/2019 19:23:18.213;100;-12818.299;5140.429;27.634;9.730;290.06;126;0.9804;161;0.000348384;63;1.4476;3.50840;10.0180;27.96;9999.00;
13/06/2019 19:23:48.220;100;-12818.299;5140.429;33.013;9.411;291.00;85;0.4515;143;0.000293376;65;1.6544;3.47175;9.4209;32.28;9999.00;
13/06/2019 19:24:18.229;100;-12818.299;5140.429;35.491;9.295;286.30;76;0.3354;138;0.000278096;65;1.6544;3.46547;9.3141;35.82;9999.00;
13/06/2019 19:24:48.236;100;-12818.299;5140.429;40.574;9.155;283.42;74;0.3096;137;0.000275040;65;1.6544;3.45432;9.1635;39.86;9999.00;
13/06/2019 19:25:18.243;100;-12818.299;5140.429;42.904;8.972;275.58;68;0.2322;174;0.000388112;66;1.7578;3.44082;8.9735;43.35;9999.00;
13/06/2019 19:25:48.250;100;-12818.299;5140.429;47.859;8.787;275.66;63;0.1677;128;0.000247536;60;1.1374;3.42884;8.8227;47.42;9999.00;
13/06/2019 19:26:18.256;100;-12818.299;5140.429;50.443;8.534;273.16;58;0.1032;128;0.000247536;63;1.4476;3.41035;8.5597;51.02;9999.00;
13/06/2019 19:26:48.263;100;-12818.299;5140.429;55.483;8.451;273.25;58;0.1032;114;0.000204752;61;1.2408;3.40331;8.4616;55.15;9999.00;
13/06/2019 19:27:18.269;100;-12818.299;5140.429;58.024;8.370;270.14;54;0.0516;113;0.000201696;61;1.2408;3.39984;8.3921;58.71;9999.00;
13/06/2019 19:27:48.276;100;-12818.299;5140.429;62.959;8.268;249.48;56;0.0774;114;0.000204752;62;1.3442;3.39988;8.2603;62.73;9999.00;
13/06/2019 19:28:18.283;100;-12818.299;5140.429;65.373;8.202;245.63;57;0.0903;111;0.000195584;59;1.0340;3.39951;8.2065;66.09;9999.00;
13/06/2019 19:28:48.290;100;-12818.299;5140.429;69.989;8.300;218.13;59;0.1161;124;0.000235312;60;1.1374;3.41483;8.3002;69.90;9999.00;
13/06/2019 19:29:18.296;100;-12818.299;5140.429;72.234;8.220;216.19;56;0.0774;123;0.000232256;63;1.4476;3.41790;8.2833;73.11;9999.00;
13/06/2019 19:29:48.303;100;-12818.299;5140.429;76.680;8.118;213.97;56;0.0774;125;0.000238368;60;1.1374;3.41223;8.1213;76.66;9999.00;
13/06/2019 19:30:18.309;100;-12818.299;5140.429;78.861;8.040;212.24;55;0.0645;123;0.000232256;61;1.2408;3.41095;8.0639;79.82;9999.00;
13/06/2019 19:30:48.315;100;-12818.299;5140.429;83.414;7.944;199.64;55;0.0645;122;0.000229200;60;1.1374;3.41523;7.9464;83.58;9999.00;
13/06/2019 19:31:18.322;100;-12818.299;5140.429;85.510;7.849;208.67;54;0.0516;123;0.000232256;60;1.1374;3.41726;7.8885;86.51;9999.00;
13/06/2019 19:31:48.329;100;-12818.299;5140.429;89.342;7.798;187.13;55;0.0645;126;0.000241424;61;1.2408;3.42182;7.7976;89.56;9999.00;
13/06/2019 19:32:18.336;100;-12818.299;5140.429;91.227;7.770;185.64;50;0.0000;118;0.000216976;62;1.3442;3.42404;7.7780;92.30;9999.00;
13/06/2019 19:32:48.342;100;-12818.299;5140.429;94.911;7.698;174.83;54;0.0516;121;0.000226144;61;1.2408;3.42671;7.6991;95.30;9999.00;
13/06/2019 19:33:18.348;100;-12818.299;5140.429;96.690;7.576;164.58;52;0.0258;122;0.000229200;60;1.1374;3.42898;7.6115;97.76;9999.00;
13/06/2019 19:33:48.355;100;-12818.299;5140.429;100.056;7.437;146.46;51;0.0129;123;0.000232256;60;1.1374;3.42331;7.4344;100.49;9999.00;
13/06/2019 19:34:18.361;118;-12818.299;5140.429;99.082;7.538;150.33;54;0.0516;127;0.000244480;60;1.1374;3.42486;7.5056;99.32;9999.00;
13/06/2019 19:34:48.368;118;-12818.299;5140.429;95.949;7.725;173.76;56;0.0774;222;0.000534800;58;0.9306;3.42418;7.7203;94.18;9999.00;
13/06/2019 19:35:18.376;117;-12818.299;5140.429;87.754;7.802;187.06;53;0.0387;120;0.000223088;63;1.4476;3.42096;7.7985;88.60;9999.00;
13/06/2019 19:35:48.381;117;-12818.299;5140.429;84.091;7.949;198.29;56;0.0774;114;0.000204752;60;1.1374;3.41259;7.9493;82.40;9999.00;
13/06/2019 19:36:18.389;117;-12818.299;5140.429;77.040;8.115;213.72;55;0.0645;126;0.000241424;60;1.1374;3.41087;8.1127;77.49;9999.00;
13/06/2019 19:36:48.395;117;-12818.299;5140.429;73.991;8.281;214.64;54;0.0516;126;0.000241424;62;1.3442;3.41493;8.2837;72.45;9999.00;
13/06/2019 19:37:18.401;117;-12818.299;5140.429;67.300;8.180;246.26;57;0.0903;120;0.000223088;63;1.4476;3.39870;8.1748;67.70;9999.00;
13/06/2019 19:37:48.407;117;-12818.299;5140.429;64.039;8.273;261.47;56;0.0774;117;0.000213920;60;1.1374;3.39299;8.2527;62.38;9999.00;
13/06/2019 19:38:18.414;117;-12818.299;5140.429;57.855;8.431;269.24;59;0.1161;117;0.000213920;60;1.1374;3.39922;8.4207;57.95;9999.00;
13/06/2019 19:38:48.422;117;-12818.299;5140.429;55.017;8.501;273.74;57;0.0903;120;0.000223088;60;1.1374;3.40289;8.5095;53.40;9999.00;
13/06/2019 19:39:18.428;117;-12818.299;5140.429;49.723;8.652;268.92;64;0.1806;122;0.000229200;63;1.4476;3.41222;8.6403;49.63;9999.00;
13/06/2019 19:39:48.435;117;-12818.299;5140.429;47.266;8.967;275.91;70;0.2580;129;0.000250592;61;1.2408;3.43820;8.9807;45.60;9999.00;
13/06/2019 19:40:18.441;117;-12818.299;5140.429;42.311;9.131;281.04;76;0.3354;170;0.000375888;63;1.4476;3.44725;9.1209;42.08;9999.00;
13/06/2019 19:40:48.449;117;-12818.299;5140.429;39.558;9.338;285.43;82;0.4128;147;0.000305600;64;1.5510;3.46371;9.3507;37.73;9999.00;
13/06/2019 19:41:18.457;117;-12818.299;5140.429;34.475;9.390;287.53;85;0.4515;149;0.000311712;62;1.3442;3.46676;9.3908;34.13;9999.00;
13/06/2019 19:41:48.462;117;-12818.299;5140.429;31.933;9.928;294.03;116;0.8514;164;0.000357552;67;1.8612;3.48617;9.7376;30.05;9999.00;
13/06/2019 19:42:18.469;117;-12818.299;5140.429;27.740;10.414;297.61;115;0.8385;215;0.000513408;66;1.7578;3.52601;10.3686;27.09;9999.00;
13/06/2019 19:42:48.476;117;-12818.299;5140.429;26.024;10.856;314.67;133;1.0707;219;0.000525632;63;1.4476;3.57364;10.8904;24.24;9999.00;
13/06/2019 19:43:18.481;117;-12818.299;5140.429;22.170;11.039;319.58;149;1.2771;236;0.000577584;63;1.4476;3.57582;10.9646;21.47;9999.00;
13/06/2019 19:43:48.489;117;-12818.299;5140.429;20.136;11.351;330.25;231;2.3349;308;0.000797616;62;1.3442;3.60874;11.3448;18.18;9999.00;
13/06/2019 19:44:18.495;117;-12818.299;5140.429;18.039;11.577;346.00;366;4.0764;368;0.000980976;68;1.9646;3.62509;11.5509;15.23;9999.00;
13/06/2019 19:44:48.511;117;-12818.299;5140.429;14.036;11.572;348.93;352;3.8958;343;0.000904576;66;1.7578;3.62545;11.5895;12.09;9999.00;
13/06/2019 19:45:18.519;117;-12818.299;5140.429;12.236;11.747;359.91;435;4.9665;409;0.001106272;62;1.3442;3.62670;11.7058;9.44;9999.00;
13/06/2019 19:45:48.525;117;-12818.299;5140.429;8.381;12.332;369.83;153;1.3287;406;0.001097104;66;1.7578;3.65419;12.3752;6.30;9999.00;
