PLD_REALTIMECLOCK;NAV_RESOURCE;NAV_LONGITUDE;NAV_LATITUDE;NAV_DEPTH;AROD_FT_TEMP;AROD_FT_DO;FLBBCD_CHL_COUNT;FLBBCD_CHL_SCALED;FLBBCD_BB_700_COUNT;FLBBCD_BB_700_SCALED;FLBBCD_CDOM_COUNT;FLBBCD_CDOM_SCALED;GPCTD_CONDUCTIVITY;GPCTD_TEMPERATURE;GPCTD_PRESSURE;GPCTD_DOF;
14/06/2019 05:00:56.817;115;-12820.419;5138.182;8.762;12.166;382.00;350;3.8700;463;0.001271296;64;1.5510;3.63320;12.1478;9.99;9999.00;
14/06/2019 05:01:26.824;115;-12820.419;5138.182;3.149;12.239;380.40;352;3.8958;353;0.000935136;63;1.4476;3.63483;12.2451;2.56;9999.00;
14/06/2019 05:01:56.828;116;-12820.419;5138.182;1.688;12.237;381.90;348;3.8442;312;0.000809840;64;1.5510;3.63438;12.2391;0.32;9999.00;
14/06/2019 05:02:26.810;116;-12820.288;5138.085;1.137;12.245;382.71;346;3.8184;328;0.000858736;62;1.3442;3.63519;12.2500;0.35;9999.00;
14/06/2019 05:02:56.818;116;-12820.285;5138.086;1.158;12.248;382.03;312;3.3798;338;0.000889296;63;1.4476;3.63556;12.2536;0.16;9999.00;
14/06/2019 05:03:26.824;116;-12820.280;5138.086;1.116;12.250;382.57;334;3.6636;358;0.000950416;63;1.4476;3.63580;12.2563;0.45;9999.00;
14/06/2019 05:03:56.830;116;-12820.284;5138.090;1.179;12.249;381.79;290;3.0960;391;0.001051264;63;1.4476;3.63551;12.2507;0.17;9999.00;
14/06/2019 05:04:26.868;116;-12820.282;5138.092;1.073;12.249;381.95;336;3.6894;347;0.000916800;65;1.6544;3.63565;12.2523;0.25;9999.00;
14/06/2019 05:04:56.874;116;-12820.282;5138.092;1.073;12.252;382.22;339;3.7281;381;0.001020704;64;1.5510;3.63605;12.2550;1.52;9999.00;
14/06/2019 05:05:26.880;116;-12820.283;5138.093;1.116;12.247;381.76;298;3.1992;340;0.000895408;62;1.3442;3.63562;12.2501;0.29;9999.00;
14/06/2019 05:05:56.887;116;-12820.283;5138.094;1.116;12.249;381.31;300;3.2250;357;0.000947360;63;1.4476;3.63612;12.2538;0.26;9999.00;
14/06/2019 05:06:26.894;116;-12820.285;5138.095;1.158;12.255;381.15;330;3.6120;329;0.000861792;63;1.4476;3.63656;12.2588;0.39;9999.00;
14/06/2019 05:06:56.900;116;-12820.285;5138.096;1.179;12.258;381.46;306;3.3024;317;0.000825120;63;1.4476;3.63679;12.2610;0.69;9999.00;
14/06/2019 05:07:26.917;116;-12820.281;5138.095;1.116;12.259;381.39;297;3.1863;328;0.000858736;62;1.3442;3.63700;12.2631;0.94;9999.00;
14/06/2019 05:07:56.924;116;-12820.280;5138.096;1.179;12.259;381.39;335;3.6765;360;0.000956528;62;1.3442;3.63702;12.2636;0.43;9999.00;
14/06/2019 05:08:26.930;116;-12820.280;5138.096;1.179;12.258;381.56;285;3.0315;299;0.000770112;61;1.2408;3.63699;12.2626;0.25;9999.00;
14/06/2019 05:08:56.936;116;-12820.281;5138.097;1.158;12.257;381.16;313;3.3927;315;0.000819008;63;1.4476;3.63702;12.2615;0.54;9999.00;
14/06/2019 05:09:26.943;116;-12820.280;5138.097;1.094;12.261;381.68;303;3.2637;350;0.000925968;62;1.3442;3.63719;12.2648;0.17;9999.00;
14/06/2019 05:09:56.950;116;-12820.281;5138.096;1.137;12.265;381.46;293;3.1347;333;0.000874016;62;1.3442;3.63753;12.2678;0.19;9999.00;
14/06/2019 05:10:26.954;116;-12820.232;5138.089;1.094;12.262;381.31;309;3.3411;330;0.000864848;60;1.1374;3.63743;12.2656;0.19;9999.00;
14/06/2019 05:10:56.960;116;-12820.241;5138.091;1.094;12.256;381.62;338;3.7152;341;0.000898464;62;1.3442;3.63739;12.2664;0.48;9999.00;
14/06/2019 05:11:26.967;116;-12820.241;5138.091;1.094;12.258;381.53;286;3.0444;321;0.000837344;65;1.6544;3.63713;12.2625;0.25;9999.00;
14/06/2019 05:11:56.973;116;-12820.241;5138.091;1.094;12.259;381.26;321;3.4959;387;0.001039040;63;1.4476;3.63731;12.2640;0.90;9999.00;
14/06/2019 05:12:26.980;116;-12820.274;5138.099;1.158;12.259;381.35;311;3.3669;338;0.000889296;64;1.5510;3.63718;12.2623;0.18;9999.00;
14/06/2019 05:12:56.987;116;-12820.272;5138.099;1.010;12.264;381.32;317;3.4443;337;0.000886240;64;1.5510;3.63750;12.2651;0.19;9999.00;
14/06/2019 05:13:26.993;116;-12820.273;5138.097;1.010;12.253;381.25;275;2.9025;306;0.000791504;65;1.6544;3.63681;12.2589;0.09;9999.00;
14/06/2019 05:13:56.999;116;-12820.271;5138.101;1.073;12.264;381.16;328;3.5862;382;0.001023760;65;1.6544;3.63770;12.2669;0.16;9999.00;
14/06/2019 05:14:27.006;116;-12820.271;5138.100;1.073;12.252;381.45;329;3.5991;329;0.000861792;63;1.4476;3.63718;12.2598;0.22;9999.00;
14/06/2019 05:14:57.014;116;-12820.268;5138.100;1.179;12.251;381.15;319;3.4701;341;0.000898464;61;1.2408;3.63698;12.2582;0.28;9999.00;
14/06/2019 05:15:27.022;116;-12820.267;5138.100;1.391;12.258;381.18;369;4.1151;355;0.000941248;66;1.7578;3.63718;12.2612;0.37;9999.00;
14/06/2019 05:15:57.027;116;-12820.268;5138.101;1.031;12.252;381.64;289;3.0831;329;0.000861792;64;1.5510;3.63636;12.2516;0.15;9999.00;
14/06/2019 05:16:27.034;116;-12820.268;5138.102;1.031;12.255;381.28;293;3.1347;313;0.000812896;65;1.6544;3.63718;12.2609;0.32;9999.00;
14/06/2019 05:16:57.048;110;-12820.267;5138.102;1.073;12.254;382.00;287;3.0573;326;0.000852624;63;1.4476;3.63707;12.2592;0.25;9999.00;
14/06/2019 05:17:27.053;110;-12820.267;5138.102;1.666;12.267;380.94;329;3.5991;407;0.001100160;64;1.5510;3.63825;12.2704;1.27;9999.00;
14/06/2019 05:17:57.060;110;-12820.267;5138.102;6.877;12.236;382.78;301;3.2379;342;0.000901520;66;1.7578;3.63708;12.2545;8.55;9999.00;
14/06/2019 05:18:27.066;100;-12820.267;5138.102;15.943;11.887;365.97;181;1.6899;280;0.000712048;67;1.8612;3.66064;11.9312;15.06;9999.00;
14/06/2019 05:18:57.073;100;-12820.267;5138.102;18.908;11.150;358.18;521;6.0759;373;0.000996256;65;1.6544;3.60330;11.2740;19.35;9999.00;
14/06/2019 05:19:27.081;100;-12820.267;5138.102;24.754;10.608;328.67;217;2.1543;265;0.000666208;64;1.5510;3.57260;10.7645;24.19;9999.00;
14/06/2019 05:19:57.086;100;-12820.267;5138.102;27.528;9.569;289.88;88;0.4902;166;0.000363664;65;1.6544;3.48788;9.6669;28.12;9999.00;
14/06/2019 05:20:27.094;100;-12820.267;5138.102;33.098;9.404;286.41;80;0.3870;145;0.000299488;63;1.4476;3.46956;9.3967;32.57;9999.00;
14/06/2019 05:20:57.101;100;-12820.267;5138.102;35.703;9.220;279.59;72;0.2838;132;0.000259760;64;1.5510;3.46011;9.2566;36.30;9999.00;
14/06/2019 05:21:27.109;100;-12820.267;5138.102;40.744;8.934;275.18;67;0.2193;129;0.000250592;62;1.3442;3.43587;8.9260;40.37;9999.00;
14/06/2019 05:21:57.115;100;-12820.267;5138.102;43.179;8.720;264.52;59;0.1161;133;0.000262816;61;1.2408;3.42319;8.7306;43.86;9999.00;
14/06/2019 05:22:27.121;100;-12820.267;5138.102;47.923;8.603;261.35;59;0.1161;126;0.000241424;62;1.3442;3.41769;8.6002;47.74;9999.00;
14/06/2019 05:22:57.127;100;-12820.267;5138.102;50.231;8.550;258.32;59;0.1161;123;0.000232256;61;1.2408;3.41487;8.5513;51.03;9999.00;
14/06/2019 05:23:27.134;100;-12820.267;5138.102;54.890;8.481;254.57;59;0.1161;126;0.000241424;61;1.2408;3.41151;8.4818;54.78;9999.00;
14/06/2019 05:23:57.141;100;-12820.267;5138.102;57.304;8.390;249.95;57;0.0903;117;0.000213920;60;1.1374;3.40744;8.3979;58.15;9999.00;
14/06/2019 05:24:27.148;100;-12820.267;5138.102;61.984;8.297;244.34;52;0.0258;118;0.000216976;61;1.2408;3.40429;8.3008;62.03;9999.00;
14/06/2019 05:24:57.154;100;-12820.267;5138.102;64.462;8.173;233.58;58;0.1032;138;0.000278096;62;1.3442;3.40397;8.2035;65.42;9999.00;
14/06/2019 05:25:27.160;100;-12820.267;5138.102;69.057;8.157;219.47;55;0.0645;121;0.000226144;64;1.5510;3.41077;8.1561;69.15;9999.00;
14/06/2019 05:25:57.164;100;-12820.267;5138.102;71.302;8.056;217.93;55;0.0645;113;0.000201696;61;1.2408;3.40877;8.0636;72.33;9999.00;
14/06/2019 05:26:27.171;100;-12820.267;5138.102;75.643;7.994;209.48;55;0.0645;117;0.000213920;62;1.3442;3.41069;7.9963;75.87;9999.00;
14/06/2019 05:26:57.177;100;-12820.267;5138.102;77.697;7.920;193.88;54;0.0516;132;0.000259760;62;1.3442;3.41651;7.9304;78.85;9999.00;
14/06/2019 05:27:27.184;100;-12820.267;5138.102;81.889;7.844;180.25;53;0.0387;133;0.000262816;59;1.0340;3.42101;7.8546;82.25;9999.00;
14/06/2019 05:27:57.191;100;-12820.267;5138.102;83.964;7.762;169.93;54;0.0516;135;0.000268928;62;1.3442;3.42294;7.7649;85.11;9999.00;
14/06/2019 05:28:27.197;100;-12820.267;5138.102;87.776;7.675;152.44;51;0.0129;139;0.000281152;62;1.3442;3.42455;7.6862;88.26;9999.00;
14/06/2019 05:28:57.203;100;-12820.267;5138.102;89.702;7.624;159.12;56;0.0774;124;0.000235312;61;1.2408;3.42803;7.6325;90.86;9999.00;
14/06/2019 05:29:27.208;100;-12820.267;5138.102;93.302;7.577;162.09;52;0.0258;120;0.000223088;60;1.1374;3.42935;7.5890;93.79;9999.00;
14/06/2019 05:29:57.215;100;-12820.267;5138.102;95.102;7.484;146.26;55;0.0645;128;0.000247536;60;1.1374;3.42884;7.4935;96.32;9999.00;
14/06/2019 05:30:27.225;100;-12820.267;5138.102;98.405;7.432;142.96;55;0.0645;128;0.000247536;61;1.2408;3.42686;7.4343;99.04;9999.00;
14/06/2019 05:30:57.230;100;-12820.267;5138.102;100.120;7.394;140.50;50;0.0000;139;0.000281152;63;1.4476;3.42677;7.4039;101.33;9999.00;
14/06/2019 05:31:27.246;100;-12820.267;5138.102;103.253;7.331;137.34;51;0.0129;149;0.000311712;61;1.2408;3.42631;7.3319;103.92;9999.00;
14/06/2019 05:31:57.253;100;-12820.267;5138.102;104.841;7.321;132.16;53;0.0387;159;0.000342272;60;1.1374;3.42688;7.3183;106.15;9999.00;
14/06/2019 05:32:27.366;118;-12820.267;5138.102;106.450;7.319;129.76;54;0.0516;158;0.000339216;62;1.3442;3.42779;7.3213;106.42;9999.00;
14/06/2019 05:32:57.375;118;-12820.267;5138.102;101.940;7.386;139.37;52;0.0258;132;0.000259760;61;1.2408;3.42610;7.3701;102.25;9999.00;
14/06/2019 05:33:27.382;117;-12820.267;5138.102;94.191;7.549;147.72;52;0.0258;117;0.000213920;61;1.2408;3.42787;7.5406;94.10;9999.00;
14/06/2019 05:33:57.387;117;-12820.267;5138.102;88.411;7.748;162.82;55;0.0645;137;0.000275040;60;1.1374;3.42219;7.7404;86.67;9999.00;
14/06/2019 05:34:27.394;117;-12820.267;5138.102;78.311;7.946;189.10;56;0.0774;246;0.000608144;62;1.3442;3.41495;7.9284;78.43;9999.00;
14/06/2019 05:34:57.401;117;-12820.267;5138.102;73.652;8.064;217.43;55;0.0645;111;0.000195584;62;1.3442;3.40611;8.0636;71.91;9999.00;
14/06/2019 05:35:27.407;117;-12820.267;5138.102;65.097;8.217;234.62;55;0.0645;123;0.000232256;59;1.0340;3.40130;8.2139;64.99;9999.00;
14/06/2019 05:35:57.561;117;-12820.267;5138.102;60.968;8.387;247.83;59;0.1161;116;0.000210864;63;1.4476;3.40467;8.3829;59.13;9999.00;
14/06/2019 05:36:27.568;117;-12820.267;5138.102;52.857;8.513;251.81;59;0.1161;127;0.000244480;63;1.4476;3.41042;8.5026;52.53;9999.00;
14/06/2019 05:36:57.574;117;-12820.267;5138.102;48.728;8.627;258.29;62;0.1548;125;0.000238368;61;1.2408;3.41630;8.6148;46.71;9999.00;
14/06/2019 05:37:27.580;117;-12820.267;5138.102;40.595;8.964;281.73;65;0.1935;134;0.000265872;63;1.4476;3.43540;8.9462;40.04;9999.00;
14/06/2019 05:37:57.586;117;-12820.267;5138.102;36.910;9.206;276.94;74;0.3096;136;0.000271984;64;1.5510;3.45089;9.2122;34.75;9999.00;
14/06/2019 05:38:27.592;117;-12820.267;5138.102;29.837;9.573;285.09;96;0.5934;167;0.000366720;64;1.5510;3.47272;9.5538;29.01;9999.00;
14/06/2019 05:38:57.600;117;-12820.267;5138.102;26.596;10.866;331.50;260;2.7090;288;0.000736496;65;1.6544;3.57226;10.8639;24.53;9999.00;
14/06/2019 05:39:27.608;117;-12820.267;5138.102;20.751;11.708;354.98;282;2.9928;402;0.001084880;63;1.4476;3.63773;11.6790;19.77;9999.00;
14/06/2019 05:39:57.614;117;-12820.267;5138.102;17.764;11.996;360.37;191;1.8189;388;0.001042096;61;1.2408;3.66937;12.0120;15.68;9999.00;
14/06/2019 05:40:27.621;117;-12820.267;5138.102;12.151;12.275;372.26;272;2.8638;351;0.000929024;64;1.5510;3.67224;12.3900;11.08;9999.00;
