PLD_REALTIMECLOCK;NAV_RESOURCE;NAV_LONGITUDE;NAV_LATITUDE;NAV_DEPTH;AROD_FT_TEMP;AROD_FT_DO;FLBBCD_CHL_COUNT;FLBBCD_CHL_SCALED;FLBBCD_BB_700_COUNT;FLBBCD_BB_700_SCALED;FLBBCD_CDOM_COUNT;FLBBCD_CDOM_SCALED;GPCTD_CONDUCTIVITY;GPCTD_TEMPERATURE;GPCTD_PRESSURE;GPCTD_DOF;
16/06/2019 02:55:40.403;117;-12841.823;5122.842;8.572;12.696;336.84;108;0.7482;277;0.000702880;59;1.0340;3.70291;12.2657;6.72;9999.00;
16/06/2019 02:56:10.409;110;-12841.823;5122.842;10.372;12.501;339.17;124;0.9546;261;0.000653984;63;1.4476;3.72868;12.5558;10.58;9999.00;
16/06/2019 02:56:40.416;100;-12841.823;5122.842;14.354;12.219;339.17;141;1.1739;231;0.000562304;63;1.4476;3.70717;12.2930;17.31;9999.00;
16/06/2019 02:57:10.424;100;-12841.823;5122.842;23.652;11.346;332.44;158;1.3932;174;0.000388112;62;1.3442;3.63764;11.4432;23.65;9999.00;
16/06/2019 02:57:40.430;100;-12841.823;5122.842;27.867;10.764;318.36;180;1.6770;172;0.000382000;62;1.3442;3.58524;10.7943;30.48;9999.00;
16/06/2019 02:58:10.438;100;-12841.823;5122.842;35.915;10.500;312.23;114;0.8256;159;0.000342272;63;1.4476;3.56949;10.5881;36.13;9999.00;
16/06/2019 02:58:40.445;100;-12841.823;5122.842;39.918;10.097;309.30;125;0.9675;165;0.000360608;61;1.2408;3.54039;10.1907;42.68;9999.00;
16/06/2019 02:59:10.460;100;-12841.823;5122.842;47.775;9.726;302.85;92;0.5418;142;0.000290320;63;1.4476;3.50738;9.7482;48.09;9999.00;
16/06/2019 02:59:40.468;100;-12841.823;5122.842;51.375;9.443;294.52;68;0.2322;191;0.000440064;62;1.3442;3.48938;9.5018;54.09;9999.00;
16/06/2019 03:00:10.474;100;-12841.823;5122.842;59.083;9.143;286.40;67;0.2193;140;0.000284208;62;1.3442;3.46596;9.2040;59.60;9999.00;
16/06/2019 03:00:40.483;100;-12841.823;5122.842;62.916;8.815;274.99;60;0.1290;128;0.000247536;64;1.5510;3.44104;8.8179;65.59;9999.00;
16/06/2019 03:01:10.491;100;-12841.823;5122.842;69.904;8.559;272.78;54;0.0516;123;0.000232256;61;1.2408;3.42331;8.5737;70.61;9999.00;
16/06/2019 03:01:40.496;100;-12841.823;5122.842;73.419;8.497;264.90;56;0.0774;123;0.000232256;61;1.2408;3.42376;8.5063;76.29;9999.00;
16/06/2019 03:02:10.504;100;-12841.823;5122.842;80.767;8.273;243.85;54;0.0516;132;0.000259760;61;1.2408;3.42311;8.3350;81.57;9999.00;
16/06/2019 03:02:40.511;100;-12841.823;5122.842;84.430;8.060;215.01;55;0.0645;139;0.000281152;61;1.2408;3.42598;8.1114;87.35;9999.00;
16/06/2019 03:03:10.513;100;-12841.823;5122.842;91.269;7.853;186.44;53;0.0387;152;0.000320880;60;1.1374;3.42934;7.8718;92.14;9999.00;
16/06/2019 03:03:40.524;100;-12841.823;5122.842;94.509;7.761;179.47;53;0.0387;146;0.000302544;62;1.3442;3.42909;7.7712;97.23;9999.00;
16/06/2019 03:04:10.529;100;-12841.823;5122.842;100.480;7.615;165.83;54;0.0516;134;0.000265872;61;1.2408;3.42972;7.6203;101.51;9999.00;
16/06/2019 03:04:40.535;100;-12841.823;5122.842;103.401;7.482;155.27;56;0.0774;128;0.000247536;61;1.2408;3.42626;7.4935;106.14;9999.00;
16/06/2019 03:05:10.543;100;-12841.823;5122.842;108.948;7.392;148.73;54;0.0516;138;0.000278096;61;1.2408;3.42373;7.4214;110.05;9999.00;
16/06/2019 03:05:40.549;100;-12841.823;5122.842;111.595;7.256;133.44;53;0.0387;143;0.000293376;61;1.2408;3.42359;7.2575;114.49;9999.00;
16/06/2019 03:06:10.555;100;-12841.823;5122.842;117.078;7.217;129.01;54;0.0516;150;0.000314768;60;1.1374;3.42422;7.2213;118.27;9999.00;
16/06/2019 03:06:40.562;100;-12841.823;5122.842;119.661;7.206;126.89;56;0.0774;143;0.000293376;61;1.2408;3.42493;7.2094;122.39;9999.00;
16/06/2019 03:07:10.567;100;-12841.823;5122.842;124.551;7.106;116.86;56;0.0774;152;0.000320880;60;1.1374;3.42541;7.1134;125.90;9999.00;
16/06/2019 03:07:40.574;100;-12841.823;5122.842;126.901;7.071;114.02;53;0.0387;173;0.000385056;62;1.3442;3.42457;7.0722;129.79;9999.00;
16/06/2019 03:08:10.580;100;-12841.823;5122.842;131.770;7.061;112.49;56;0.0774;154;0.000326992;60;1.1374;3.42611;7.0685;133.32;9999.00;
16/06/2019 03:08:40.587;100;-12841.823;5122.842;134.247;7.035;111.19;55;0.0645;204;0.000479792;62;1.3442;3.42694;7.0542;137.22;9999.00;
16/06/2019 03:09:10.602;100;-12841.823;5122.842;139.010;7.006;109.79;54;0.0516;144;0.000296432;61;1.2408;3.42549;7.0109;140.53;9999.00;
16/06/2019 03:09:40.609;100;-12841.823;5122.842;141.042;6.970;108.94;53;0.0387;141;0.000287264;63;1.4476;3.42342;6.9747;144.08;9999.00;
16/06/2019 03:10:10.618;100;-12841.823;5122.842;145.594;6.952;108.55;51;0.0129;148;0.000308656;60;1.1374;3.42255;6.9589;147.21;9999.00;
16/06/2019 03:10:40.625;100;-12841.823;5122.842;147.711;6.909;107.60;54;0.0516;139;0.000281152;62;1.3442;3.41928;6.9169;150.75;9999.00;
16/06/2019 03:11:10.631;100;-12841.823;5122.842;152.029;6.821;106.30;54;0.0516;233;0.000568416;60;1.1374;3.41326;6.8383;153.77;9999.00;
16/06/2019 03:11:40.638;100;-12841.823;5122.842;154.124;6.731;105.09;55;0.0645;147;0.000305600;61;1.2408;3.40562;6.7383;157.14;9999.00;
16/06/2019 03:12:10.644;100;-12841.823;5122.842;158.189;6.675;103.59;56;0.0774;143;0.000293376;61;1.2408;3.40203;6.6828;159.99;9999.00;
16/06/2019 03:12:40.651;100;-12841.823;5122.842;160.199;6.644;102.49;53;0.0387;152;0.000320880;63;1.4476;3.40010;6.6474;163.18;9999.00;
16/06/2019 03:13:10.657;100;-12841.823;5122.842;164.009;6.548;99.74;54;0.0516;165;0.000360608;62;1.3442;3.39380;6.5581;165.98;9999.00;
16/06/2019 03:13:40.663;100;-12841.823;5122.842;166.063;6.421;94.85;51;0.0129;147;0.000305600;60;1.1374;3.38518;6.4359;169.23;9999.00;
16/06/2019 03:14:10.671;100;-12841.823;5122.842;169.999;6.355;93.26;53;0.0387;152;0.000320880;61;1.2408;3.37970;6.3561;172.01;9999.00;
16/06/2019 03:14:40.677;100;-12841.823;5122.842;171.883;6.259;92.40;54;0.0516;158;0.000339216;61;1.2408;3.37571;6.2917;175.17;9999.00;
16/06/2019 03:15:10.684;100;-12841.823;5122.842;175.841;6.132;87.74;54;0.0516;187;0.000427840;60;1.1374;3.36438;6.1459;177.96;9999.00;
16/06/2019 03:15:40.692;100;-12841.823;5122.842;177.979;6.079;85.55;55;0.0645;197;0.000458400;64;1.5510;3.35932;6.0839;181.28;9999.00;
16/06/2019 03:16:10.707;100;-12841.823;5122.842;182.043;6.056;84.09;56;0.0774;253;0.000629536;62;1.3442;3.35734;6.0604;184.19;9999.00;
16/06/2019 03:16:40.714;100;-12841.823;5122.842;183.969;6.040;83.57;54;0.0516;216;0.000516464;63;1.4476;3.35593;6.0435;187.52;9999.00;
16/06/2019 03:17:10.720;100;-12841.823;5122.842;188.201;6.028;83.21;55;0.0645;269;0.000678432;62;1.3442;3.35509;6.0323;190.47;9999.00;
16/06/2019 03:17:40.727;100;-12841.823;5122.842;190.254;6.023;82.96;55;0.0645;231;0.000562304;61;1.2408;3.35464;6.0264;193.86;9999.00;
16/06/2019 03:18:10.733;100;-12841.823;5122.842;194.487;6.018;82.76;53;0.0387;232;0.000565360;62;1.3442;3.35430;6.0216;196.84;9999.00;
16/06/2019 03:18:40.740;100;-12841.823;5122.842;196.582;6.012;82.60;54;0.0516;279;0.000708992;62;1.3442;3.35423;6.0201;200.19;9999.00;
16/06/2019 03:19:10.746;100;-12841.823;5122.842;200.540;6.014;82.37;55;0.0645;265;0.000666208;61;1.2408;3.35403;6.0159;203.04;9999.00;
16/06/2019 03:19:40.752;118;-12841.823;5122.842;203.418;6.012;82.34;56;0.0774;290;0.000742608;64;1.5510;3.35405;6.0159;205.23;9999.00;
16/06/2019 03:20:10.759;118;-12841.823;5122.842;199.799;6.012;82.38;55;0.0645;245;0.000605088;62;1.3442;3.35389;6.0156;202.19;9999.00;
16/06/2019 03:20:40.766;117;-12841.823;5122.842;193.662;6.016;82.41;57;0.0903;276;0.000699824;62;1.3442;3.35362;6.0164;195.87;9999.00;
16/06/2019 03:21:10.773;117;-12841.823;5122.842;188.858;6.034;83.10;53;0.0387;225;0.000543968;63;1.4476;3.35487;6.0365;189.68;9999.00;
16/06/2019 03:21:40.780;117;-12841.823;5122.842;184.667;6.067;84.08;56;0.0774;218;0.000522576;63;1.4476;3.35679;6.0647;182.73;9999.00;
16/06/2019 03:22:10.786;117;-12841.823;5122.842;176.053;6.304;89.25;55;0.0645;152;0.000320880;61;1.2408;3.36655;6.1949;176.68;9999.00;
16/06/2019 03:22:40.794;117;-12841.823;5122.842;171.947;6.384;92.50;53;0.0387;158;0.000339216;64;1.5510;3.37968;6.3851;169.68;9999.00;
16/06/2019 03:23:10.799;117;-12841.823;5122.842;163.099;6.616;100.53;57;0.0903;155;0.000330048;62;1.3442;3.39167;6.5670;163.43;9999.00;
16/06/2019 03:23:40.806;117;-12841.823;5122.842;158.718;6.737;104.62;56;0.0774;152;0.000320880;61;1.2408;3.40374;6.7388;156.29;9999.00;
16/06/2019 03:24:10.812;117;-12841.823;5122.842;149.933;6.904;106.57;55;0.0645;143;0.000293376;61;1.2408;3.41491;6.8876;150.07;9999.00;
16/06/2019 03:24:40.820;117;-12841.823;5122.842;145.509;6.931;108.02;54;0.0516;150;0.000314768;62;1.3442;3.41887;6.9415;143.08;9999.00;
16/06/2019 03:25:10.828;117;-12841.823;5122.842;137.190;7.025;109.93;52;0.0258;153;0.000323936;62;1.3442;3.42380;7.0258;137.17;9999.00;
16/06/2019 03:25:40.835;117;-12841.823;5122.842;133.104;7.055;111.53;57;0.0903;149;0.000311712;62;1.3442;3.42377;7.0652;130.57;9999.00;
16/06/2019 03:26:10.842;117;-12841.823;5122.842;125.038;7.077;114.16;54;0.0516;154;0.000326992;59;1.0340;3.42314;7.0801;124.81;9999.00;
16/06/2019 03:26:40.848;117;-12841.823;5122.842;121.037;7.212;127.25;56;0.0774;140;0.000284208;59;1.0340;3.42311;7.2178;118.26;9999.00;
16/06/2019 03:27:10.856;117;-12841.823;5122.842;112.611;7.269;134.81;55;0.0645;138;0.000278096;60;1.1374;3.42145;7.2719;112.25;9999.00;
16/06/2019 03:27:40.862;117;-12841.823;5122.842;108.779;7.489;155.22;51;0.0129;139;0.000281152;61;1.2408;3.42356;7.4997;106.03;9999.00;
16/06/2019 03:28:10.870;117;-12841.823;5122.842;101.475;7.629;163.02;56;0.0774;148;0.000308656;61;1.2408;3.42751;7.6154;100.94;9999.00;
16/06/2019 03:28:40.887;117;-12841.823;5122.842;97.896;7.825;181.44;53;0.0387;149;0.000311712;61;1.2408;3.42724;7.8306;95.44;9999.00;
16/06/2019 03:29:10.892;117;-12841.823;5122.842;91.502;7.856;184.81;57;0.0903;142;0.000290320;60;1.1374;3.42691;7.8605;90.89;9999.00;
16/06/2019 03:29:40.900;117;-12841.823;5122.842;88.305;8.167;218.86;54;0.0516;140;0.000284208;61;1.2408;3.42248;8.1190;85.61;9999.00;
16/06/2019 03:30:10.906;117;-12841.823;5122.842;82.122;8.291;238.74;57;0.0903;126;0.000241424;59;1.0340;3.42047;8.2751;81.42;9999.00;
16/06/2019 03:30:40.912;117;-12841.823;5122.842;79.242;8.372;247.07;54;0.0516;124;0.000235312;61;1.2408;3.42051;8.3534;77.04;9999.00;
16/06/2019 03:31:10.926;117;-12841.823;5122.842;74.288;8.497;264.96;54;0.0516;122;0.000229200;64;1.5510;3.41828;8.4951;73.53;9999.00;
16/06/2019 03:31:40.932;117;-12841.823;5122.842;71.874;8.663;272.92;61;0.1419;131;0.000256704;59;1.0340;3.42485;8.6711;69.67;9999.00;
16/06/2019 03:32:10.940;117;-12841.823;5122.842;67.173;8.711;274.70;59;0.1161;128;0.000247536;62;1.3442;3.42776;8.7158;66.31;9999.00;
16/06/2019 03:32:40.946;117;-12841.823;5122.842;64.780;8.848;276.56;64;0.1806;134;0.000265872;63;1.4476;3.43785;8.8519;62.34;9999.00;
16/06/2019 03:33:10.953;117;-12841.823;5122.842;59.994;9.129;281.92;68;0.2322;138;0.000278096;63;1.4476;3.45472;9.0956;58.95;9999.00;
16/06/2019 03:33:40.959;117;-12841.823;5122.842;57.622;9.270;289.44;69;0.2451;142;0.000290320;61;1.2408;3.46808;9.2771;55.29;9999.00;
16/06/2019 03:34:10.966;117;-12841.823;5122.842;53.175;9.468;294.41;79;0.3741;139;0.000281152;61;1.2408;3.47974;9.4374;52.14;9999.00;
16/06/2019 03:34:40.973;117;-12841.823;5122.842;51.100;9.690;300.71;80;0.3870;149;0.000311712;62;1.3442;3.49888;9.7024;48.65;9999.00;
16/06/2019 03:35:10.980;117;-12841.823;5122.842;46.864;9.854;303.30;88;0.4902;155;0.000330048;63;1.4476;3.50868;9.8218;45.71;9999.00;
16/06/2019 03:35:40.986;117;-12841.823;5122.842;44.810;10.113;306.18;109;0.7611;161;0.000348384;63;1.4476;3.52842;10.0898;42.38;9999.00;
16/06/2019 03:36:10.993;117;-12841.823;5122.842;40.807;10.388;306.70;113;0.8127;177;0.000397280;61;1.2408;3.55090;10.3932;39.55;9999.00;
16/06/2019 03:36:41.000;117;-12841.823;5122.842;38.922;10.480;306.58;118;0.8772;173;0.000385056;64;1.5510;3.55765;10.4796;36.49;9999.00;
16/06/2019 03:37:11.006;117;-12841.823;5122.842;35.025;10.628;309.16;136;1.1094;176;0.000394224;62;1.3442;3.56617;10.5961;33.68;9999.00;
16/06/2019 03:37:41.013;117;-12841.823;5122.842;33.013;10.703;313.01;146;1.2384;178;0.000400336;64;1.5510;3.57465;10.7110;30.51;9999.00;
16/06/2019 03:38:11.019;117;-12841.823;5122.842;29.201;10.881;318.40;164;1.4706;171;0.000378944;64;1.5510;3.58653;10.8709;27.79;9999.00;
16/06/2019 03:38:41.025;117;-12841.823;5122.842;27.359;11.399;327.67;132;1.0578;215;0.000513408;60;1.1374;3.62424;11.3482;24.79;9999.00;
16/06/2019 03:39:11.042;117;-12841.823;5122.842;23.864;11.718;329.71;133;1.0707;178;0.000400336;64;1.5510;3.65214;11.6841;22.36;9999.00;
16/06/2019 03:39:41.047;117;-12841.823;5122.842;22.233;12.136;335.94;155;1.3545;244;0.000602032;62;1.3442;3.69295;12.1653;19.77;9999.00;
16/06/2019 03:40:11.058;117;-12841.823;5122.842;19.141;12.247;337.72;153;1.3287;269;0.000678432;62;1.3442;3.70345;12.2711;17.61;9999.00;
16/06/2019 03:40:41.065;117;-12841.823;5122.842;17.531;12.297;338.45;141;1.1739;276;0.000699824;64;1.5510;3.70534;12.2871;15.06;9999.00;
16/06/2019 03:41:11.072;117;-12841.823;5122.842;14.396;12.349;339.55;130;1.0320;263;0.000660096;61;1.2408;3.71205;12.3621;12.45;9999.00;
16/06/2019 03:41:41.079;117;-12841.823;5122.842;12.765;12.555;338.40;118;0.8772;271;0.000684544;60;1.1374;3.72803;12.5476;10.11;9999.00;
16/06/2019 03:42:11.086;117;-12841.823;5122.842;9.461;12.731;335.75;105;0.7095;254;0.000632592;58;0.9306;3.74560;12.7471;7.35;9999.00;
