PLD_REALTIMECLOCK;NAV_RESOURCE;NAV_LONGITUDE;NAV_LATITUDE;NAV_DEPTH;AROD_FT_TEMP;AROD_FT_DO;FLBBCD_CHL_COUNT;FLBBCD_CHL_SCALED;FLBBCD_BB_700_COUNT;FLBBCD_BB_700_SCALED;FLBBCD_CDOM_COUNT;FLBBCD_CDOM_SCALED;GPCTD_CONDUCTIVITY;GPCTD_TEMPERATURE;GPCTD_PRESSURE;GPCTD_DOF;
15/06/2019 11:39:55.740;115;-12833.188;5124.796;8.000;12.829;347.91;157;1.3803;369;0.000984032;61;1.2408;3.73602;12.8572;8.36;9999.00;
15/06/2019 11:40:25.745;115;-12833.188;5124.796;1.327;12.913;346.11;150;1.2900;324;0.000846512;61;1.2408;3.72685;12.9267;1.66;9999.00;
15/06/2019 11:40:55.753;116;-12833.188;5124.796;1.285;12.916;346.86;143;1.1997;327;0.000855680;62;1.3442;3.72670;12.9239;0.28;9999.00;
15/06/2019 11:41:25.673;116;-12834.148;5124.438;1.285;12.925;347.06;147;1.2513;336;0.000883184;63;1.4476;3.72721;12.9297;0.45;9999.00;
15/06/2019 11:41:55.680;116;-12834.152;5124.437;1.243;12.924;346.87;144;1.2126;330;0.000864848;62;1.3442;3.72706;12.9314;0.46;9999.00;
15/06/2019 11:42:25.687;116;-12834.152;5124.437;1.243;12.928;346.99;142;1.1868;315;0.000819008;61;1.2408;3.72697;12.9299;0.29;9999.00;
15/06/2019 11:42:55.694;116;-12834.152;5124.437;1.243;12.928;346.98;142;1.1868;304;0.000785392;61;1.2408;3.72728;12.9323;0.20;9999.00;
15/06/2019 11:43:25.700;116;-12834.152;5124.437;1.243;12.923;346.91;141;1.1739;329;0.000861792;62;1.3442;3.72725;12.9315;0.16;9999.00;
15/06/2019 11:43:55.706;116;-12834.152;5124.437;1.243;12.928;347.15;145;1.2255;305;0.000788448;61;1.2408;3.72735;12.9316;0.17;9999.00;
15/06/2019 11:44:25.711;116;-12834.152;5124.437;1.243;12.927;347.15;140;1.1610;315;0.000819008;63;1.4476;3.72738;12.9319;0.37;9999.00;
15/06/2019 11:44:55.717;116;-12834.152;5124.437;1.243;12.921;346.97;148;1.2642;343;0.000904576;62;1.3442;3.72746;12.9301;0.22;9999.00;
15/06/2019 11:45:25.723;116;-12834.152;5124.437;1.243;12.928;347.39;147;1.2513;331;0.000867904;63;1.4476;3.72796;12.9320;0.24;9999.00;
15/06/2019 11:45:55.730;116;-12834.152;5124.437;1.243;12.924;347.10;144;1.2126;327;0.000855680;62;1.3442;3.72733;12.9278;0.16;9999.00;
15/06/2019 11:46:25.736;116;-12834.220;5124.428;1.264;12.920;346.84;141;1.1739;314;0.000815952;63;1.4476;3.72670;12.9206;0.20;9999.00;
15/06/2019 11:46:55.742;116;-12834.222;5124.428;1.222;12.927;347.01;136;1.1094;308;0.000797616;63;1.4476;3.72769;12.9313;0.37;9999.00;
15/06/2019 11:47:25.747;116;-12834.230;5124.427;1.243;12.924;347.19;145;1.2255;312;0.000809840;64;1.5510;3.72746;12.9268;0.20;9999.00;
15/06/2019 11:47:55.754;116;-12834.230;5124.427;1.243;12.924;347.36;144;1.2126;334;0.000877072;62;1.3442;3.72734;12.9264;0.24;9999.00;
15/06/2019 11:48:25.762;116;-12834.230;5124.427;1.243;12.923;347.00;150;1.2900;339;0.000892352;61;1.2408;3.72743;12.9255;0.14;9999.00;
15/06/2019 11:48:55.769;116;-12834.249;5124.424;1.306;12.922;347.18;145;1.2255;333;0.000874016;61;1.2408;3.72779;12.9266;0.24;9999.00;
15/06/2019 11:49:25.776;116;-12834.254;5124.423;1.285;12.926;347.56;147;1.2513;334;0.000877072;62;1.3442;3.72797;12.9288;0.16;9999.00;
15/06/2019 11:49:55.782;116;-12834.254;5124.423;1.285;12.925;347.23;144;1.2126;351;0.000929024;63;1.4476;3.72764;12.9290;0.46;9999.00;
15/06/2019 11:50:25.790;116;-12834.272;5124.422;1.412;12.924;347.24;143;1.1997;314;0.000815952;62;1.3442;3.72843;12.9272;0.86;9999.00;
15/06/2019 11:50:55.797;116;-12834.273;5124.422;1.327;12.921;346.97;141;1.1739;339;0.000892352;64;1.5510;3.72732;12.9250;0.14;9999.00;
15/06/2019 11:51:25.805;116;-12834.286;5124.420;1.285;12.925;347.34;141;1.1739;328;0.000858736;62;1.3442;3.72815;12.9302;0.18;9999.00;
15/06/2019 11:51:55.811;116;-12834.287;5124.418;1.222;12.924;347.16;140;1.1610;325;0.000849568;61;1.2408;3.72804;12.9270;0.28;9999.00;
15/06/2019 11:52:25.817;116;-12834.295;5124.418;1.200;12.925;347.34;142;1.1868;329;0.000861792;62;1.3442;3.72839;12.9293;0.17;9999.00;
15/06/2019 11:52:55.825;110;-12834.295;5124.418;2.810;12.923;347.26;154;1.3416;359;0.000953472;61;1.2408;3.72933;12.9270;2.06;9999.00;
15/06/2019 11:53:25.836;110;-12834.295;5124.418;11.452;12.693;347.73;134;1.0836;318;0.000828176;61;1.2408;3.73546;12.8746;9.09;9999.00;
15/06/2019 11:53:55.842;100;-12834.295;5124.418;16.959;12.112;339.49;144;1.2126;266;0.000669264;62;1.3442;3.69635;12.1363;17.75;9999.00;
15/06/2019 11:54:25.851;100;-12834.295;5124.418;21.852;11.539;332.76;109;0.7611;203;0.000476736;62;1.3442;3.65373;11.6465;24.01;9999.00;
15/06/2019 11:54:55.856;100;-12834.295;5124.418;30.175;10.947;328.29;104;0.6966;193;0.000446176;63;1.4476;3.60234;10.9953;30.68;9999.00;
15/06/2019 11:55:25.862;100;-12834.295;5124.418;34.369;10.130;313.68;94;0.5676;172;0.000382000;64;1.5510;3.55506;10.3580;36.70;9999.00;
15/06/2019 11:55:55.870;100;-12834.295;5124.418;42.311;9.731;301.98;76;0.3354;313;0.000812896;64;1.5510;3.51115;9.7302;42.90;9999.00;
15/06/2019 11:56:25.876;100;-12834.295;5124.418;45.848;9.326;290.28;67;0.2193;159;0.000342272;64;1.5510;3.48252;9.3740;48.04;9999.00;
15/06/2019 11:56:55.881;100;-12834.295;5124.418;53.111;9.195;287.10;67;0.2193;160;0.000345328;59;1.0340;3.47024;9.1976;53.90;9999.00;
15/06/2019 11:57:25.890;100;-12834.295;5124.418;56.881;8.957;283.85;62;0.1548;138;0.000278096;62;1.3442;3.45720;9.0305;59.26;9999.00;
15/06/2019 11:57:55.897;100;-12834.295;5124.418;64.229;8.701;275.94;56;0.0774;134;0.000265872;57;0.8272;3.43572;8.7246;65.16;9999.00;
15/06/2019 11:58:25.904;100;-12834.295;5124.418;67.787;8.584;270.27;59;0.1161;128;0.000247536;62;1.3442;3.42723;8.5824;70.23;9999.00;
15/06/2019 11:58:55.919;100;-12834.295;5124.418;74.880;8.451;261.12;57;0.0903;128;0.000247536;61;1.2408;3.42336;8.4584;75.97;9999.00;
15/06/2019 11:59:25.925;100;-12834.295;5124.418;78.374;8.300;252.52;59;0.1161;119;0.000220032;62;1.3442;3.41831;8.3073;80.78;9999.00;
15/06/2019 11:59:55.966;100;-12834.295;5124.418;84.811;8.215;245.13;56;0.0774;123;0.000232256;61;1.2408;3.41931;8.2193;85.99;9999.00;
15/06/2019 12:00:25.974;100;-12834.295;5124.418;87.987;8.192;242.58;55;0.0645;135;0.000268928;59;1.0340;3.42351;8.1945;90.62;9999.00;
15/06/2019 12:00:55.980;100;-12834.295;5124.418;94.488;8.177;241.64;56;0.0774;128;0.000247536;60;1.1374;3.42404;8.1837;95.80;9999.00;
15/06/2019 12:01:25.986;100;-12834.295;5124.418;97.727;8.128;234.04;56;0.0774;122;0.000229200;60;1.1374;3.42263;8.1475;100.43;9999.00;
15/06/2019 12:01:55.993;100;-12834.295;5124.418;104.206;8.039;215.70;53;0.0387;113;0.000201696;59;1.0340;3.42617;8.0439;105.63;9999.00;
15/06/2019 12:02:25.999;100;-12834.295;5124.418;107.191;7.936;198.09;51;0.0129;118;0.000216976;62;1.3442;3.43050;7.9535;109.99;9999.00;
15/06/2019 12:02:56.006;100;-12834.295;5124.418;113.479;7.826;184.75;53;0.0387;126;0.000241424;60;1.1374;3.43145;7.8342;114.92;9999.00;
15/06/2019 12:03:26.015;100;-12834.295;5124.418;116.231;7.687;165.63;55;0.0645;136;0.000271984;61;1.2408;3.43437;7.7149;118.95;9999.00;
15/06/2019 12:03:56.019;100;-12834.295;5124.418;121.905;7.552;148.84;55;0.0645;144;0.000296432;61;1.2408;3.43316;7.5527;123.54;9999.00;
15/06/2019 12:04:26.027;100;-12834.295;5124.418;124.446;7.481;143.15;53;0.0387;141;0.000287264;60;1.1374;3.43239;7.4833;127.19;9999.00;
15/06/2019 12:04:56.033;100;-12834.295;5124.418;129.653;7.389;132.79;55;0.0645;155;0.000330048;61;1.2408;3.43066;7.3928;131.30;9999.00;
15/06/2019 12:05:26.038;100;-12834.295;5124.418;132.003;7.149;117.60;53;0.0387;152;0.000320880;63;1.4476;3.42925;7.1934;134.64;9999.00;
15/06/2019 12:05:56.046;100;-12834.295;5124.418;136.534;6.932;109.50;53;0.0387;174;0.000388112;62;1.3442;3.41789;6.9789;138.31;9999.00;
15/06/2019 12:06:26.052;100;-12834.295;5124.418;138.693;6.784;101.65;55;0.0645;154;0.000326992;63;1.4476;3.40724;6.7813;141.41;9999.00;
15/06/2019 12:06:56.059;100;-12834.295;5124.418;143.138;6.708;101.76;56;0.0774;153;0.000323936;59;1.0340;3.40443;6.7112;144.97;9999.00;
15/06/2019 12:07:26.065;100;-12834.295;5124.418;145.276;6.645;100.11;52;0.0258;159;0.000342272;62;1.3442;3.40148;6.6522;148.12;9999.00;
15/06/2019 12:07:56.072;100;-12834.295;5124.418;149.764;6.549;99.27;52;0.0258;136;0.000271984;61;1.2408;3.39451;6.5515;151.78;9999.00;
15/06/2019 12:08:26.076;100;-12834.295;5124.418;151.923;6.463;98.05;55;0.0645;131;0.000256704;60;1.1374;3.39015;6.4849;154.79;9999.00;
15/06/2019 12:08:56.085;100;-12834.295;5124.418;156.008;6.430;97.09;51;0.0129;128;0.000247536;60;1.1374;3.38628;6.4347;158.08;9999.00;
15/06/2019 12:09:26.094;100;-12834.295;5124.418;158.104;6.352;95.46;55;0.0645;131;0.000256704;63;1.4476;3.38081;6.3627;160.95;9999.00;
15/06/2019 12:09:56.099;100;-12834.295;5124.418;162.062;6.242;89.25;54;0.0516;157;0.000336160;61;1.2408;3.37160;6.2462;164.25;9999.00;
15/06/2019 12:10:26.105;100;-12834.295;5124.418;164.073;6.126;84.81;53;0.0387;188;0.000430896;61;1.2408;3.36270;6.1317;167.03;9999.00;
15/06/2019 12:10:56.113;100;-12834.295;5124.418;167.735;6.080;82.51;55;0.0645;216;0.000516464;62;1.3442;3.35836;6.0785;170.05;9999.00;
15/06/2019 12:11:26.118;100;-12834.295;5124.418;169.682;6.067;81.49;55;0.0645;211;0.000501184;64;1.5510;3.35746;6.0681;172.63;9999.00;
15/06/2019 12:11:56.124;100;-12834.295;5124.418;173.322;6.049;80.47;57;0.0903;256;0.000638704;63;1.4476;3.35635;6.0545;175.63;9999.00;
15/06/2019 12:12:26.132;100;-12834.295;5124.418;175.227;6.045;79.82;55;0.0645;240;0.000589808;61;1.2408;3.35588;6.0485;178.35;9999.00;
15/06/2019 12:12:56.138;100;-12834.295;5124.418;179.016;6.041;79.46;53;0.0387;271;0.000684544;61;1.2408;3.35561;6.0447;181.43;9999.00;
15/06/2019 12:13:26.145;100;-12834.295;5124.418;180.963;6.041;79.46;53;0.0387;271;0.000684544;62;1.3442;3.35568;6.0451;184.14;9999.00;
15/06/2019 12:13:56.152;100;-12834.295;5124.418;185.027;6.041;79.40;57;0.0903;272;0.000687600;64;1.5510;3.35575;6.0444;187.51;9999.00;
15/06/2019 12:14:26.158;100;-12834.295;5124.418;187.207;6.041;79.37;52;0.0258;264;0.000663152;63;1.4476;3.35589;6.0453;190.49;9999.00;
15/06/2019 12:14:56.166;118;-12834.295;5124.418;189.852;6.041;79.29;52;0.0258;259;0.000647872;59;1.0340;3.35579;6.0447;190.61;9999.00;
15/06/2019 12:15:26.173;118;-12834.295;5124.418;185.916;6.039;79.35;57;0.0903;260;0.000650928;63;1.4476;3.35564;6.0453;186.50;9999.00;
15/06/2019 12:15:56.179;117;-12834.295;5124.418;179.905;6.040;79.31;54;0.0516;242;0.000595920;64;1.5510;3.35530;6.0455;179.76;9999.00;
15/06/2019 12:16:26.186;117;-12834.295;5124.418;175.206;6.046;80.05;53;0.0387;221;0.000531744;63;1.4476;3.35539;6.0506;173.71;9999.00;
15/06/2019 12:16:56.192;117;-12834.295;5124.418;166.465;6.137;83.96;55;0.0645;162;0.000351440;64;1.5510;3.36122;6.1316;166.45;9999.00;
15/06/2019 12:17:26.200;117;-12834.295;5124.418;161.808;6.387;95.23;55;0.0645;130;0.000253648;63;1.4476;3.38012;6.3809;159.87;9999.00;
15/06/2019 12:17:56.207;117;-12834.295;5124.418;152.664;6.506;97.73;52;0.0258;128;0.000247536;62;1.3442;3.38960;6.5023;152.56;9999.00;
15/06/2019 12:18:26.212;117;-12834.295;5124.418;148.070;6.681;99.50;56;0.0774;140;0.000284208;63;1.4476;3.39967;6.6546;146.12;9999.00;
15/06/2019 12:18:56.226;117;-12834.295;5124.418;139.413;6.792;101.69;54;0.0516;152;0.000320880;62;1.3442;3.40607;6.8010;139.15;9999.00;
15/06/2019 12:19:26.231;117;-12834.295;5124.418;135.094;7.293;123.50;54;0.0516;150;0.000314768;60;1.1374;3.42675;7.2738;133.09;9999.00;
15/06/2019 12:19:56.238;117;-12834.295;5124.418;126.795;7.495;142.47;52;0.0258;145;0.000299488;60;1.1374;3.43005;7.4955;126.44;9999.00;
15/06/2019 12:20:26.243;117;-12834.295;5124.418;123.133;7.649;160.81;55;0.0645;133;0.000262816;59;1.0340;3.43100;7.6494;121.37;9999.00;
15/06/2019 12:20:56.250;117;-12834.295;5124.418;116.634;7.812;180.93;55;0.0645;122;0.000229200;61;1.2408;3.43004;7.8198;116.20;9999.00;
15/06/2019 12:21:26.258;117;-12834.295;5124.418;113.479;7.895;190.71;53;0.0387;118;0.000216976;62;1.3442;3.42982;7.8950;111.71;9999.00;
15/06/2019 12:21:56.264;117;-12834.295;5124.418;107.361;8.019;209.12;54;0.0516;120;0.000223088;60;1.1374;3.42614;8.0195;106.87;9999.00;
15/06/2019 12:22:26.271;117;-12834.295;5124.418;104.375;8.120;223.59;56;0.0774;118;0.000216976;58;0.9306;3.42145;8.1100;102.75;9999.00;
15/06/2019 12:22:56.276;117;-12834.295;5124.418;98.722;8.127;231.57;53;0.0387;122;0.000229200;60;1.1374;3.42040;8.1324;98.20;9999.00;
15/06/2019 12:23:26.283;117;-12834.295;5124.418;96.118;8.138;233.17;53;0.0387;119;0.000220032;60;1.1374;3.41990;8.1438;94.50;9999.00;
15/06/2019 12:23:56.290;117;-12834.295;5124.418;90.952;8.169;237.86;54;0.0516;120;0.000223088;58;0.9306;3.41865;8.1741;90.28;9999.00;
15/06/2019 12:24:26.299;117;-12834.295;5124.418;88.326;8.183;240.04;53;0.0387;121;0.000226144;60;1.1374;3.41703;8.1861;86.51;9999.00;
15/06/2019 12:24:56.307;117;-12834.295;5124.418;82.969;8.250;247.37;54;0.0516;132;0.000259760;59;1.0340;3.41524;8.2552;82.21;9999.00;
15/06/2019 12:25:26.314;117;-12834.295;5124.418;80.555;8.337;253.54;55;0.0645;120;0.000223088;60;1.1374;3.41577;8.3333;78.73;9999.00;
15/06/2019 12:25:56.325;117;-12834.295;5124.418;75.579;8.438;261.78;55;0.0645;124;0.000235312;62;1.3442;3.41759;8.4469;74.75;9999.00;
15/06/2019 12:26:26.332;117;-12834.295;5124.418;73.356;8.630;270.27;58;0.1032;132;0.000259760;61;1.2408;3.42817;8.6335;71.49;9999.00;
15/06/2019 12:26:56.350;117;-12834.295;5124.418;68.867;8.649;271.15;59;0.1161;136;0.000271984;62;1.3442;3.42978;8.6540;68.00;9999.00;
15/06/2019 12:27:26.357;117;-12834.295;5124.418;66.855;8.697;273.02;60;0.1290;137;0.000275040;62;1.3442;3.43051;8.6835;65.05;9999.00;
15/06/2019 12:27:56.363;117;-12834.295;5124.418;62.768;8.832;278.35;64;0.1806;136;0.000271984;61;1.2408;3.43859;8.8409;61.68;9999.00;
15/06/2019 12:28:26.370;117;-12834.295;5124.418;60.587;8.998;281.34;62;0.1548;146;0.000302544;61;1.2408;3.45158;9.0005;58.69;9999.00;
15/06/2019 12:28:56.378;117;-12834.295;5124.418;56.267;9.139;282.59;67;0.2193;157;0.000336160;63;1.4476;3.46226;9.1353;55.26;9999.00;
15/06/2019 12:29:26.384;117;-12834.295;5124.418;54.213;9.191;285.30;68;0.2322;146;0.000302544;62;1.3442;3.46688;9.1971;52.30;9999.00;
15/06/2019 12:29:56.398;117;-12834.295;5124.418;50.125;9.303;287.15;70;0.2580;151;0.000317824;60;1.1374;3.47464;9.3105;48.93;9999.00;
15/06/2019 12:30:26.404;117;-12834.295;5124.418;47.987;9.356;288.12;71;0.2709;145;0.000299488;63;1.4476;3.47736;9.3627;45.89;9999.00;
15/06/2019 12:30:56.413;117;-12834.295;5124.418;43.645;9.697;296.32;78;0.3612;179;0.000403392;63;1.4476;3.50196;9.6929;42.28;9999.00;
15/06/2019 12:31:26.420;117;-12834.295;5124.418;41.379;9.903;305.94;91;0.5289;169;0.000372832;63;1.4476;3.51667;9.9024;39.09;9999.00;
15/06/2019 12:31:56.426;117;-12834.295;5124.418;37.122;10.136;311.63;93;0.5547;264;0.000663152;63;1.4476;3.53496;10.1531;35.72;9999.00;
15/06/2019 12:32:26.434;117;-12834.295;5124.418;35.068;10.446;315.47;105;0.7095;220;0.000528688;62;1.3442;3.55185;10.3939;32.75;9999.00;
15/06/2019 12:32:56.440;117;-12834.295;5124.418;30.917;10.854;321.08;124;0.9546;221;0.000531744;63;1.4476;3.58452;10.8384;29.50;9999.00;
15/06/2019 12:33:26.447;117;-12834.295;5124.418;29.138;10.984;324.07;116;0.8514;184;0.000418672;63;1.4476;3.59554;10.9660;27.03;9999.00;
15/06/2019 12:33:56.454;117;-12834.295;5124.418;25.940;11.166;326.71;111;0.7869;201;0.000470624;62;1.3442;3.61042;11.1630;24.49;9999.00;
15/06/2019 12:34:26.462;117;-12834.295;5124.418;24.330;11.308;327.12;103;0.6837;194;0.000449232;64;1.5510;3.62081;11.2841;22.16;9999.00;
15/06/2019 12:34:56.469;117;-12834.295;5124.418;20.962;11.753;329.05;124;0.9546;214;0.000510352;61;1.2408;3.65463;11.6950;19.43;9999.00;
15/06/2019 12:35:26.476;117;-12834.295;5124.418;19.268;12.193;332.53;138;1.1352;272;0.000687600;63;1.4476;3.68867;12.1082;16.98;9999.00;
15/06/2019 12:35:56.483;117;-12834.295;5124.418;15.752;12.309;336.06;126;0.9804;275;0.000696768;63;1.4476;3.70900;12.3282;14.15;9999.00;
15/06/2019 12:36:26.490;117;-12834.295;5124.418;14.121;12.474;338.16;125;0.9675;292;0.000748720;63;1.4476;3.72179;12.4719;11.89;9999.00;
15/06/2019 12:36:56.496;117;-12834.295;5124.418;11.135;12.573;340.10;125;0.9675;305;0.000788448;63;1.4476;3.73180;12.5916;9.43;9999.00;
