PLD_REALTIMECLOCK;NAV_RESOURCE;NAV_LONGITUDE;NAV_LATITUDE;NAV_DEPTH;AROD_FT_TEMP;AROD_FT_DO;FLBBCD_CHL_COUNT;FLBBCD_CHL_SCALED;FLBBCD_BB_700_COUNT;FLBBCD_BB_700_SCALED;FLBBCD_CDOM_COUNT;FLBBCD_CDOM_SCALED;GPCTD_CONDUCTIVITY;GPCTD_TEMPERATURE;GPCTD_PRESSURE;GPCTD_DOF;
16/06/2019 22:28:56.750;115;-12834.767;5127.070;8.932;12.489;337.33;99;0.6321;252;0.000626480;59;1.0340;3.72613;12.5279;9.09;9999.00;
16/06/2019 22:29:26.758;115;-12834.767;5127.070;1.751;12.967;333.00;66;0.2064;210;0.000498128;60;1.1374;3.78106;13.1470;2.77;9999.00;
16/06/2019 22:29:56.763;116;-12834.767;5127.070;1.497;13.330;330.73;64;0.1806;197;0.000458400;55;0.6204;3.79650;13.3280;0.26;9999.00;
16/06/2019 22:30:26.771;116;-12834.767;5127.070;1.455;13.346;331.41;66;0.2064;210;0.000498128;55;0.6204;3.79921;13.3595;0.16;9999.00;
16/06/2019 22:30:56.666;116;-12834.352;5127.109;1.412;13.363;331.24;67;0.2193;194;0.000449232;57;0.8272;3.80104;13.3727;0.12;9999.00;
16/06/2019 22:31:26.671;116;-12834.352;5127.105;1.412;13.375;331.64;68;0.2322;212;0.000504240;59;1.0340;3.80198;13.3828;0.24;9999.00;
16/06/2019 22:31:56.678;116;-12834.351;5127.099;1.455;13.390;331.36;62;0.1548;210;0.000498128;60;1.1374;3.80346;13.4005;0.17;9999.00;
16/06/2019 22:32:26.685;116;-12834.350;5127.094;1.455;13.400;331.43;65;0.1935;203;0.000476736;61;1.2408;3.80567;13.4257;0.16;9999.00;
16/06/2019 22:32:56.692;116;-12834.350;5127.094;1.455;13.534;330.80;61;0.1419;200;0.000467568;66;1.7578;3.81581;13.5401;0.24;9999.00;
16/06/2019 22:33:26.699;116;-12834.350;5127.094;1.455;13.514;330.91;64;0.1806;201;0.000470624;61;1.2408;3.81394;13.5174;0.12;9999.00;
16/06/2019 22:33:56.706;116;-12834.350;5127.094;1.455;13.492;331.38;65;0.1935;203;0.000476736;61;1.2408;3.81325;13.5126;0.14;9999.00;
16/06/2019 22:34:26.713;116;-12834.116;5127.231;1.391;13.468;331.40;63;0.1677;197;0.000458400;60;1.1374;3.80992;13.4697;0.23;9999.00;
16/06/2019 22:34:56.720;116;-12834.146;5127.204;1.497;13.493;331.18;64;0.1806;199;0.000464512;61;1.2408;3.81189;13.4889;0.24;9999.00;
16/06/2019 22:35:26.728;116;-12834.112;5127.216;1.497;13.484;331.44;64;0.1806;200;0.000467568;64;1.5510;3.81282;13.4998;0.03;9999.00;
16/06/2019 22:35:56.736;116;-12834.112;5127.216;1.476;13.477;331.41;65;0.1935;198;0.000461456;55;0.6204;3.81073;13.4771;0.11;9999.00;
16/06/2019 22:36:26.742;116;-12834.112;5127.216;1.433;13.491;331.18;64;0.1806;203;0.000476736;61;1.2408;3.81232;13.4948;0.18;9999.00;
16/06/2019 22:36:56.749;116;-12834.112;5127.216;1.433;13.486;331.48;59;0.1161;195;0.000452288;61;1.2408;3.81158;13.4885;0.26;9999.00;
16/06/2019 22:37:26.755;116;-12834.334;5127.025;1.497;13.459;331.58;64;0.1806;197;0.000458400;49;0.0000;3.81024;13.4695;0.14;9999.00;
16/06/2019 22:37:56.763;116;-12834.333;5127.024;1.518;13.471;331.40;69;0.2451;195;0.000452288;58;0.9306;3.81017;13.4692;0.06;9999.00;
16/06/2019 22:38:26.771;116;-12834.331;5127.023;1.518;13.485;331.24;69;0.2451;201;0.000470624;58;0.9306;3.81091;13.4758;0.21;9999.00;
16/06/2019 22:38:56.778;116;-12834.329;5127.023;1.497;13.472;331.47;66;0.2064;201;0.000470624;57;0.8272;3.81055;13.4711;0.64;9999.00;
16/06/2019 22:39:26.785;116;-12834.392;5127.054;1.518;13.497;331.46;66;0.2064;205;0.000482848;57;0.8272;3.81114;13.4779;0.28;9999.00;
16/06/2019 22:39:56.792;116;-12834.371;5127.011;1.455;13.488;331.14;66;0.2064;198;0.000461456;62;1.3442;3.81220;13.4920;0.48;9999.00;
16/06/2019 22:40:26.798;110;-12834.371;5127.011;1.899;13.479;331.69;72;0.2838;199;0.000464512;60;1.1374;3.81249;13.4923;0.90;9999.00;
16/06/2019 22:40:56.805;110;-12834.371;5127.011;7.258;12.676;337.81;100;0.6450;232;0.000565360;63;1.4476;3.75499;12.8067;6.86;9999.00;
16/06/2019 22:41:26.811;100;-12834.371;5127.011;15.392;11.997;342.66;153;1.3287;177;0.000397280;62;1.3442;3.69122;12.0818;14.19;9999.00;
16/06/2019 22:41:56.820;100;-12834.371;5127.011;19.903;11.147;337.41;210;2.0640;197;0.000458400;62;1.3442;3.62943;11.2841;20.55;9999.00;
16/06/2019 22:42:26.827;100;-12834.371;5127.011;26.871;10.926;333.48;198;1.9092;184;0.000418672;62;1.3442;3.60197;10.9458;25.57;9999.00;
16/06/2019 22:42:56.834;100;-12834.371;5127.011;30.239;10.327;319.86;225;2.2575;208;0.000492016;62;1.3442;3.56128;10.4280;31.22;9999.00;
16/06/2019 22:43:26.841;100;-12834.371;5127.011;37.270;9.947;309.11;129;1.0191;180;0.000406448;62;1.3442;3.52533;9.9482;36.19;9999.00;
16/06/2019 22:43:56.848;100;-12834.371;5127.011;40.765;9.516;295.93;81;0.3999;156;0.000333104;62;1.3442;3.49671;9.5157;41.85;9999.00;
16/06/2019 22:44:26.854;100;-12834.371;5127.011;47.838;9.338;292.32;70;0.2580;136;0.000271984;62;1.3442;3.48327;9.3370;46.90;9999.00;
16/06/2019 22:44:56.861;100;-12834.371;5127.011;51.333;9.304;290.19;68;0.2322;237;0.000580640;61;1.2408;3.48010;9.3082;52.56;9999.00;
16/06/2019 22:45:26.868;100;-12834.371;5127.011;58.427;9.064;291.49;67;0.2193;152;0.000320880;60;1.1374;3.46829;9.1637;57.60;9999.00;
16/06/2019 22:45:56.875;100;-12834.371;5127.011;61.857;8.749;290.32;61;0.1419;147;0.000305600;59;1.0340;3.43803;8.7568;63.20;9999.00;
16/06/2019 22:46:26.881;100;-12834.371;5127.011;68.761;8.406;262.75;57;0.0903;136;0.000271984;62;1.3442;3.42984;8.4203;68.10;9999.00;
16/06/2019 22:46:56.888;100;-12834.371;5127.011;71.852;8.246;253.15;53;0.0387;219;0.000525632;63;1.4476;3.42460;8.2522;73.29;9999.00;
16/06/2019 22:47:26.895;100;-12834.371;5127.011;78.141;8.173;246.42;54;0.0516;130;0.000253648;60;1.1374;3.42232;8.1961;77.73;9999.00;
16/06/2019 22:47:56.901;100;-12834.371;5127.011;81.212;8.148;243.73;57;0.0903;181;0.000409504;59;1.0340;3.42181;8.1488;82.82;9999.00;
16/06/2019 22:48:26.907;100;-12834.371;5127.011;87.564;8.055;236.25;55;0.0645;129;0.000250592;59;1.0340;3.42053;8.0677;87.34;9999.00;
16/06/2019 22:48:56.914;100;-12834.371;5127.011;90.825;7.979;229.06;55;0.0645;141;0.000287264;60;1.1374;3.41945;7.9919;92.56;9999.00;
16/06/2019 22:49:26.921;100;-12834.371;5127.011;97.092;7.937;221.99;55;0.0645;132;0.000259760;58;0.9306;3.42157;7.9442;97.08;9999.00;
16/06/2019 22:49:56.927;100;-12834.371;5127.011;100.310;7.845;211.65;54;0.0516;133;0.000262816;62;1.3442;3.41992;7.8512;102.21;9999.00;
16/06/2019 22:50:26.934;100;-12834.371;5127.011;106.323;7.851;208.42;54;0.0516;130;0.000253648;63;1.4476;3.42365;7.8522;106.45;9999.00;
16/06/2019 22:50:56.940;100;-12834.371;5127.011;109.097;7.792;202.86;54;0.0516;133;0.000262816;59;1.0340;3.42571;7.8013;111.04;9999.00;
16/06/2019 22:51:26.947;100;-12834.371;5127.011;114.876;7.704;190.14;56;0.0774;142;0.000290320;62;1.3442;3.42675;7.7307;115.11;9999.00;
16/06/2019 22:51:56.953;100;-12834.371;5127.011;117.798;7.575;173.50;52;0.0258;154;0.000326992;60;1.1374;3.42773;7.5831;119.68;9999.00;
16/06/2019 22:52:26.960;100;-12834.371;5127.011;122.900;7.428;159.35;54;0.0516;229;0.000556192;63;1.4476;3.42489;7.4549;123.37;9999.00;
16/06/2019 22:52:56.967;100;-12834.371;5127.011;125.356;7.336;141.84;52;0.0258;158;0.000339216;61;1.2408;3.42556;7.3477;127.24;9999.00;
16/06/2019 22:53:26.976;100;-12834.371;5127.011;129.929;7.298;125.45;52;0.0258;153;0.000323936;61;1.2408;3.42845;7.3036;130.97;9999.00;
16/06/2019 22:53:56.983;100;-12834.371;5127.011;132.257;7.125;118.64;54;0.0516;145;0.000299488;62;1.3442;3.42208;7.1503;134.34;9999.00;
16/06/2019 22:54:26.990;100;-12834.371;5127.011;136.915;6.991;112.18;53;0.0387;152;0.000320880;61;1.2408;3.41645;7.0308;138.13;9999.00;
16/06/2019 22:54:56.996;100;-12834.371;5127.011;139.349;6.742;99.18;53;0.0387;192;0.000443120;60;1.1374;3.40323;6.7489;141.51;9999.00;
16/06/2019 22:55:27.003;100;-12834.371;5127.011;144.027;6.475;83.32;55;0.0645;201;0.000470624;62;1.3442;3.38714;6.4690;145.27;9999.00;
16/06/2019 22:55:57.009;100;-12834.371;5127.011;146.229;6.382;89.12;53;0.0387;154;0.000326992;62;1.3442;3.38125;6.3768;148.41;9999.00;
16/06/2019 22:56:27.017;100;-12834.371;5127.011;150.505;6.268;85.32;54;0.0516;172;0.000382000;63;1.4476;3.37262;6.2658;151.94;9999.00;
16/06/2019 22:56:57.024;100;-12834.371;5127.011;152.621;6.137;79.19;55;0.0645;232;0.000565360;60;1.1374;3.36304;6.1398;154.94;9999.00;
16/06/2019 22:57:27.029;100;-12834.371;5127.011;156.855;6.076;75.44;52;0.0258;238;0.000583696;62;1.3442;3.35799;6.0763;158.35;9999.00;
16/06/2019 22:57:57.037;100;-12834.371;5127.011;158.887;6.046;76.39;53;0.0387;248;0.000614256;62;1.3442;3.35569;6.0491;161.32;9999.00;
16/06/2019 22:58:27.046;100;-12834.371;5127.011;163.163;6.024;77.32;52;0.0258;255;0.000635648;61;1.2408;3.35373;6.0254;164.73;9999.00;
16/06/2019 22:58:57.053;100;-12834.371;5127.011;165.195;6.020;77.32;56;0.0774;271;0.000684544;63;1.4476;3.35331;6.0208;167.69;9999.00;
16/06/2019 22:59:27.059;100;-12834.371;5127.011;169.301;6.018;77.26;54;0.0516;285;0.000727328;63;1.4476;3.35323;6.0197;171.05;9999.00;
16/06/2019 22:59:57.075;100;-12834.371;5127.011;171.396;6.019;77.16;57;0.0903;312;0.000809840;60;1.1374;3.35332;6.0205;173.99;9999.00;
16/06/2019 23:00:27.083;100;-12834.371;5127.011;175.566;6.017;77.13;54;0.0516;299;0.000770112;64;1.5510;3.35331;6.0193;177.36;9999.00;
16/06/2019 23:00:57.089;100;-12834.371;5127.011;177.640;6.017;77.07;52;0.0258;342;0.000901520;62;1.3442;3.35341;6.0198;180.22;9999.00;
16/06/2019 23:01:27.096;100;-12834.371;5127.011;181.619;6.017;77.01;57;0.0903;320;0.000834288;61;1.2408;3.35350;6.0193;183.48;9999.00;
16/06/2019 23:01:57.102;100;-12834.371;5127.011;183.566;6.016;77.00;54;0.0516;313;0.000812896;63;1.4476;3.35359;6.0195;186.35;9999.00;
16/06/2019 23:02:27.110;100;-12834.371;5127.011;187.545;6.017;76.99;54;0.0516;334;0.000877072;62;1.3442;3.35374;6.0197;189.52;9999.00;
16/06/2019 23:02:57.117;100;-12834.371;5127.011;189.535;6.017;76.95;54;0.0516;322;0.000840400;62;1.3442;3.35386;6.0204;192.35;9999.00;
16/06/2019 23:03:27.122;118;-12834.371;5127.011;192.074;6.018;76.96;56;0.0774;327;0.000855680;60;1.1374;3.35389;6.0201;193.13;9999.00;
16/06/2019 23:03:57.131;118;-12834.371;5127.011;188.328;6.016;76.91;54;0.0516;333;0.000874016;64;1.5510;3.35368;6.0201;189.51;9999.00;
16/06/2019 23:04:27.136;117;-12834.371;5127.011;182.127;6.016;76.92;53;0.0387;299;0.000770112;62;1.3442;3.35334;6.0200;182.78;9999.00;
16/06/2019 23:04:57.144;117;-12834.371;5127.011;177.323;6.015;76.95;52;0.0258;319;0.000831232;64;1.5510;3.35300;6.0193;176.45;9999.00;
16/06/2019 23:05:27.151;117;-12834.371;5127.011;168.116;6.017;77.02;53;0.0387;267;0.000672320;64;1.5510;3.35273;6.0203;169.02;9999.00;
16/06/2019 23:05:57.157;117;-12834.371;5127.011;163.523;6.035;76.87;54;0.0516;248;0.000614256;62;1.3442;3.35385;6.0394;162.51;9999.00;
16/06/2019 23:06:27.163;117;-12834.371;5127.011;154.294;6.160;78.78;54;0.0516;204;0.000479792;64;1.5510;3.36275;6.1616;154.96;9999.00;
16/06/2019 23:06:57.170;117;-12834.371;5127.011;149.573;6.436;82.72;54;0.0516;207;0.000488960;61;1.2408;3.38071;6.4171;148.23;9999.00;
16/06/2019 23:07:27.176;117;-12834.371;5127.011;139.942;7.079;114.70;52;0.0258;146;0.000302544;60;1.1374;3.41527;7.0831;140.38;9999.00;
16/06/2019 23:07:57.182;117;-12834.371;5127.011;135.793;7.281;122.42;53;0.0387;166;0.000363664;58;0.9306;3.42536;7.2859;134.58;9999.00;
16/06/2019 23:08:27.187;117;-12834.371;5127.011;127.896;7.513;165.56;51;0.0129;152;0.000320880;62;1.3442;3.42367;7.5195;128.27;9999.00;
16/06/2019 23:08:57.194;117;-12834.371;5127.011;124.509;7.653;180.48;55;0.0645;149;0.000311712;61;1.2408;3.42600;7.6594;123.26;9999.00;
16/06/2019 23:09:27.200;117;-12834.371;5127.011;117.756;7.773;198.55;54;0.0516;131;0.000256704;61;1.2408;3.42458;7.7832;117.87;9999.00;
16/06/2019 23:09:57.206;117;-12834.371;5127.011;114.644;7.826;205.25;52;0.0258;130;0.000253648;60;1.1374;3.42519;7.8353;113.42;9999.00;
16/06/2019 23:10:27.213;117;-12834.371;5127.011;108.588;7.879;210.03;53;0.0387;128;0.000247536;61;1.2408;3.42415;7.8911;108.58;9999.00;
16/06/2019 23:10:57.219;117;-12834.371;5127.011;105.836;7.923;215.51;58;0.1032;144;0.000296432;60;1.1374;3.42283;7.9286;104.51;9999.00;
16/06/2019 23:11:27.226;117;-12834.371;5127.011;99.802;7.982;226.02;57;0.0903;140;0.000284208;58;0.9306;3.41897;7.9901;99.74;9999.00;
16/06/2019 23:11:57.230;117;-12834.371;5127.011;97.050;8.012;229.25;52;0.0258;139;0.000281152;61;1.2408;3.41877;8.0173;95.79;9999.00;
16/06/2019 23:12:27.239;117;-12834.371;5127.011;91.650;8.057;233.03;55;0.0645;248;0.000614256;61;1.2408;3.41926;8.0627;91.29;9999.00;
16/06/2019 23:12:57.243;117;-12834.371;5127.011;88.834;8.117;238.64;56;0.0774;126;0.000241424;59;1.0340;3.42030;8.1194;87.30;9999.00;
16/06/2019 23:13:27.250;117;-12834.371;5127.011;83.054;8.152;241.91;55;0.0645;132;0.000259760;59;1.0340;3.42024;8.1577;82.65;9999.00;
16/06/2019 23:13:57.259;117;-12834.371;5127.011;80.216;8.195;245.61;54;0.0516;145;0.000299488;60;1.1374;3.42020;8.1937;78.56;9999.00;
16/06/2019 23:14:27.266;117;-12834.371;5127.011;74.457;8.237;249.79;57;0.0903;138;0.000278096;61;1.2408;3.42197;8.2457;73.87;9999.00;
16/06/2019 23:14:57.276;117;-12834.371;5127.011;71.683;8.392;260.91;57;0.0903;124;0.000235312;60;1.1374;3.42593;8.3977;69.96;9999.00;
16/06/2019 23:15:27.283;117;-12834.371;5127.011;66.283;8.547;274.64;55;0.0645;149;0.000311712;60;1.1374;3.42678;8.5598;65.58;9999.00;
16/06/2019 23:15:57.290;117;-12834.371;5127.011;63.742;8.713;283.99;62;0.1548;146;0.000302544;60;1.1374;3.43504;8.7246;61.94;9999.00;
16/06/2019 23:16:27.299;117;-12834.371;5127.011;58.617;9.048;285.28;68;0.2322;157;0.000336160;59;1.0340;3.45881;9.0584;57.81;9999.00;
16/06/2019 23:16:57.305;117;-12834.371;5127.011;56.140;9.128;285.04;62;0.1548;217;0.000519520;62;1.3442;3.46400;9.1194;54.25;9999.00;
16/06/2019 23:17:27.312;117;-12834.371;5127.011;51.438;9.268;287.95;68;0.2322;195;0.000452288;66;1.7578;3.47464;9.2775;50.47;9999.00;
16/06/2019 23:17:57.319;117;-12834.371;5127.011;49.130;9.365;289.91;70;0.2580;146;0.000302544;59;1.0340;3.47883;9.3402;47.22;9999.00;
16/06/2019 23:18:27.325;117;-12834.371;5127.011;44.535;9.511;293.45;80;0.3870;320;0.000834288;61;1.2408;3.49192;9.5193;43.43;9999.00;
16/06/2019 23:18:57.333;117;-12834.371;5127.011;42.226;9.559;294.47;88;0.4902;162;0.000351440;60;1.1374;3.49506;9.5602;40.27;9999.00;
16/06/2019 23:19:27.345;117;-12834.371;5127.011;37.927;9.644;298.46;108;0.7482;172;0.000382000;60;1.1374;3.49984;9.6465;36.79;9999.00;
16/06/2019 23:19:57.353;117;-12834.371;5127.011;35.851;9.860;300.58;144;1.2126;181;0.000409504;59;1.0340;3.51491;9.8421;33.78;9999.00;
16/06/2019 23:20:27.358;117;-12834.371;5127.011;31.531;9.981;303.78;131;1.0449;189;0.000433952;60;1.1374;3.52702;10.0128;30.25;9999.00;
16/06/2019 23:20:57.366;117;-12834.371;5127.011;29.455;10.274;313.77;237;2.4123;223;0.000537856;62;1.3442;3.54329;10.2573;27.33;9999.00;
16/06/2019 23:21:27.373;117;-12834.371;5127.011;25.622;10.371;317.68;281;2.9799;223;0.000537856;61;1.2408;3.55381;10.3988;24.27;9999.00;
16/06/2019 23:21:57.380;117;-12834.371;5127.011;23.928;10.729;324.64;178;1.6512;181;0.000409504;62;1.3442;3.58134;10.7437;21.83;9999.00;
16/06/2019 23:22:27.388;117;-12834.371;5127.011;20.623;10.930;327.68;198;1.9092;187;0.000427840;65;1.6544;3.59910;10.9716;19.16;9999.00;
16/06/2019 23:22:57.394;117;-12834.371;5127.011;18.887;11.738;336.94;163;1.4577;201;0.000470624;59;1.0340;3.65511;11.7229;16.70;9999.00;
16/06/2019 23:23:27.401;117;-12834.371;5127.011;15.540;11.872;338.90;145;1.2255;182;0.000412560;65;1.6544;3.67033;11.8985;14.06;9999.00;
16/06/2019 23:23:57.408;117;-12834.371;5127.011;13.930;12.091;341.35;140;1.1610;222;0.000534800;63;1.4476;3.68739;12.1018;11.73;9999.00;
16/06/2019 23:24:27.415;117;-12834.371;5127.011;10.605;12.423;339.10;106;0.7224;222;0.000534800;58;0.9306;3.71705;12.4467;9.00;9999.00;
16/06/2019 23:24:57.422;117;-12834.371;5127.011;8.995;12.564;338.29;84;0.4386;219;0.000525632;57;0.8272;3.72767;12.5625;6.75;9999.00;
16/06/2019 23:25:27.429;117;-12834.371;5127.011;5.945;12.709;336.64;77;0.3483;218;0.000522576;60;1.1374;3.74254;12.7286;4.31;9999.00;
