PLD_REALTIMECLOCK;NAV_RESOURCE;NAV_LONGITUDE;NAV_LATITUDE;NAV_DEPTH;AROD_FT_TEMP;AROD_FT_DO;FLBBCD_CHL_COUNT;FLBBCD_CHL_SCALED;FLBBCD_BB_700_COUNT;FLBBCD_BB_700_SCALED;FLBBCD_CDOM_COUNT;FLBBCD_CDOM_SCALED;GPCTD_CONDUCTIVITY;GPCTD_TEMPERATURE;GPCTD_PRESSURE;GPCTD_DOF;
14/06/2019 14:01:04.966;115;-12823.116;5133.954;8.614;11.990;380.16;354;3.9216;370;0.000987088;63;1.4476;3.58948;11.9914;7.52;9999.00;
14/06/2019 14:01:34.970;115;-12823.116;5133.954;5.479;11.965;377.98;367;4.0893;438;0.001194896;65;1.6544;3.58461;11.9826;5.94;9999.00;
14/06/2019 14:02:04.982;116;-12823.116;5133.954;1.285;11.969;379.18;220;2.1930;348;0.000919856;65;1.6544;3.58341;11.9828;1.61;9999.00;
14/06/2019 14:02:34.997;116;-12823.116;5133.954;1.433;11.980;379.68;3;-0.6063;135;0.000268928;55;0.6204;3.58353;11.9783;0.84;9999.00;
14/06/2019 14:03:05.216;116;-12823.380;5133.493;1.116;11.985;379.86;207;2.0253;342;0.000901520;40;-0.9306;3.58366;11.9824;0.29;9999.00;
14/06/2019 14:03:35.223;116;-12823.382;5133.494;1.137;11.984;379.53;103;0.6837;139;0.000281152;62;1.3442;3.58372;11.9894;0.16;9999.00;
14/06/2019 14:04:05.230;116;-12823.382;5133.494;1.137;11.983;379.35;148;1.2642;206;0.000485904;60;1.1374;3.58379;11.9894;0.48;9999.00;
14/06/2019 14:04:35.244;116;-12823.398;5133.501;1.264;11.983;379.92;112;0.7998;67;0.000061120;54;0.5170;3.58374;11.9869;0.87;9999.00;
14/06/2019 14:05:05.250;116;-12823.399;5133.502;1.073;11.989;379.66;130;1.0320;262;0.000657040;51;0.2068;3.58393;11.9894;0.32;9999.00;
14/06/2019 14:05:35.257;116;-12823.399;5133.500;1.158;11.986;379.64;140;1.1610;201;0.000470624;67;1.8612;3.58409;11.9906;0.42;9999.00;
14/06/2019 14:06:05.263;116;-12823.407;5133.498;1.179;11.985;380.15;172;1.5738;242;0.000595920;69;2.0680;3.58419;11.9903;0.51;9999.00;
14/06/2019 14:06:35.269;116;-12823.405;5133.487;1.158;11.986;380.02;-27;-0.9933;-41;-0.000268928;66;1.7578;3.58416;11.9923;0.20;9999.00;
14/06/2019 14:07:05.276;116;-12823.394;5133.473;1.158;11.986;379.53;115;0.8385;204;0.000479792;66;1.7578;3.58397;11.9907;0.30;9999.00;
14/06/2019 14:07:35.282;116;-12823.394;5133.473;1.158;11.986;379.47;162;1.4448;369;0.000984032;65;1.6544;3.58379;11.9907;0.17;9999.00;
14/06/2019 14:08:05.289;116;-12823.394;5133.473;1.158;11.983;379.22;253;2.6187;211;0.000501184;62;1.3442;3.58387;11.9898;0.33;9999.00;
14/06/2019 14:08:35.295;116;-12823.434;5133.508;1.179;11.986;379.12;96;0.5934;172;0.000382000;77;2.8952;3.58379;11.9893;0.24;9999.00;
14/06/2019 14:09:05.301;116;-12823.415;5133.453;1.306;11.994;379.12;58;0.1032;108;0.000186416;61;1.2408;3.58376;11.9882;0.87;9999.00;
14/06/2019 14:09:35.308;116;-12823.411;5133.446;1.137;11.985;379.32;225;2.2575;206;0.000485904;71;2.2748;3.58385;11.9903;0.25;9999.00;
14/06/2019 14:10:05.315;116;-12823.448;5133.513;1.073;11.988;379.20;122;0.9288;25;-0.000067232;86;3.8258;3.58371;11.9901;0.18;9999.00;
14/06/2019 14:10:35.324;116;-12823.451;5133.515;1.137;11.986;379.21;71;0.2709;332;0.000870960;74;2.5850;3.58384;11.9901;0.20;9999.00;
14/06/2019 14:11:05.331;116;-12823.452;5133.515;1.158;11.988;379.27;232;2.3478;200;0.000467568;62;1.3442;3.58392;11.9916;0.43;9999.00;
14/06/2019 14:11:35.338;116;-12823.456;5133.518;1.264;11.989;379.32;-8;-0.7482;103;0.000171136;46;-0.3102;3.58397;11.9901;0.75;9999.00;
14/06/2019 14:12:05.344;116;-12823.467;5133.521;1.094;11.988;379.24;29;-0.2709;-148;-0.000595920;41;-0.8272;3.58413;11.9935;0.17;9999.00;
14/06/2019 14:12:35.350;116;-12823.467;5133.521;1.094;11.987;379.19;109;0.7611;302;0.000779280;-138;-19.3358;3.58408;11.9919;0.32;9999.00;
14/06/2019 14:13:05.357;116;-12823.475;5133.523;1.116;11.988;379.30;49;-0.0129;117;0.000213920;93;4.5496;3.58415;11.9936;0.18;9999.00;
14/06/2019 14:13:35.364;116;-12823.480;5133.526;1.116;11.987;379.31;142;1.1868;-3;-0.000152800;113;6.6176;3.58410;11.9931;0.24;9999.00;
14/06/2019 14:14:05.370;116;-12823.488;5133.530;1.222;11.986;379.26;-54;-1.3416;124;0.000235312;61;1.2408;3.58409;11.9910;0.69;9999.00;
14/06/2019 14:14:35.376;116;-12823.490;5133.531;1.158;11.987;379.03;-19;-0.8901;264;0.000663152;55;0.6204;3.58409;11.9915;0.68;9999.00;
14/06/2019 14:15:05.383;116;-12823.497;5133.534;1.158;11.989;379.63;92;0.5418;332;0.000870960;73;2.4816;3.58411;11.9923;0.16;9999.00;
14/06/2019 14:15:35.389;116;-12823.500;5133.535;1.179;11.989;379.19;187;1.7673;332;0.000870960;58;0.9306;3.58414;11.9932;0.28;9999.00;
14/06/2019 14:16:05.396;116;-12823.505;5133.537;1.094;11.989;379.16;31;-0.2451;144;0.000296432;49;0.0000;3.58414;11.9931;0.17;9999.00;
14/06/2019 14:16:35.404;116;-12823.508;5133.537;1.158;11.992;379.05;88;0.4902;203;0.000476736;58;0.9306;3.58417;11.9923;0.18;9999.00;
14/06/2019 14:17:05.410;116;-12823.513;5133.539;1.094;11.987;379.60;210;2.0640;35;-0.000036672;68;1.9646;3.58426;11.9920;0.15;9999.00;
14/06/2019 14:17:35.416;116;-12823.515;5133.539;1.116;11.987;379.66;142;1.1868;250;0.000620368;67;1.8612;3.58434;11.9934;0.14;9999.00;
14/06/2019 14:18:05.424;116;-12823.525;5133.545;1.200;11.987;379.85;145;1.2255;254;0.000632592;64;1.5510;3.58432;11.9925;0.31;9999.00;
14/06/2019 14:18:35.430;116;-12823.526;5133.547;1.179;11.985;379.61;263;2.7477;338;0.000889296;64;1.5510;3.58407;11.9891;0.22;9999.00;
14/06/2019 14:19:05.431;116;-12823.533;5133.550;1.073;11.986;379.26;-100;-1.9350;13;-0.000103904;67;1.8612;3.58423;11.9918;0.21;9999.00;
14/06/2019 14:19:35.442;116;-12823.536;5133.551;1.116;11.990;379.27;164;1.4706;412;0.001115440;70;2.1714;3.58439;11.9925;0.19;9999.00;
14/06/2019 14:20:05.450;116;-12823.541;5133.552;1.200;11.988;379.58;171;1.5609;310;0.000803728;63;1.4476;3.58441;11.9931;0.14;9999.00;
14/06/2019 14:20:35.457;116;-12823.546;5133.555;1.073;11.987;379.63;149;1.2771;305;0.000788448;62;1.3442;3.58444;11.9926;0.22;9999.00;
14/06/2019 14:21:05.465;116;-12823.553;5133.559;1.455;11.996;379.28;163;1.4577;407;0.001100160;56;0.7238;3.58449;11.9909;1.28;9999.00;
14/06/2019 14:21:35.472;116;-12823.556;5133.560;1.200;11.992;379.28;205;1.9995;362;0.000962640;66;1.7578;3.58446;11.9910;0.83;9999.00;
14/06/2019 14:22:05.477;116;-12823.561;5133.561;1.116;11.988;379.65;179;1.6641;300;0.000773168;77;2.8952;3.58449;11.9923;0.25;9999.00;
14/06/2019 14:22:35.484;116;-12823.562;5133.562;1.243;11.989;379.85;225;2.2575;290;0.000742608;63;1.4476;3.58460;11.9923;1.37;9999.00;
14/06/2019 14:23:05.492;116;-12823.567;5133.565;1.222;11.986;379.58;256;2.6574;374;0.000999312;66;1.7578;3.58450;11.9907;0.83;9999.00;
14/06/2019 14:23:35.496;116;-12823.569;5133.567;1.179;11.985;379.54;212;2.0898;489;0.001350752;58;0.9306;3.58429;11.9888;0.38;9999.00;
14/06/2019 14:24:05.503;116;-12823.576;5133.569;1.391;11.987;379.31;231;2.3349;319;0.000831232;63;1.4476;3.58445;11.9888;1.11;9999.00;
14/06/2019 14:24:35.509;116;-12823.578;5133.571;1.137;11.986;379.36;222;2.2188;345;0.000910688;64;1.5510;3.58441;11.9887;0.80;9999.00;
14/06/2019 14:25:05.516;116;-12823.582;5133.573;1.116;11.982;379.37;267;2.7993;379;0.001014592;61;1.2408;3.58441;11.9898;0.29;9999.00;
14/06/2019 14:25:35.523;116;-12823.585;5133.573;1.285;11.987;379.72;238;2.4252;323;0.000843456;65;1.6544;3.58451;11.9901;0.51;9999.00;
14/06/2019 14:26:05.529;116;-12823.590;5133.578;1.116;11.983;379.57;224;2.2446;310;0.000803728;65;1.6544;3.58432;11.9884;0.17;9999.00;
14/06/2019 14:26:35.536;116;-12823.590;5133.577;1.264;11.987;379.63;250;2.5800;279;0.000708992;69;2.0680;3.58462;11.9915;0.23;9999.00;
14/06/2019 14:27:05.542;116;-12823.600;5133.583;1.158;11.987;380.14;258;2.6832;296;0.000760944;61;1.2408;3.58476;11.9929;0.12;9999.00;
14/06/2019 14:27:35.549;116;-12823.600;5133.584;1.116;11.986;380.04;292;3.1218;390;0.001048208;63;1.4476;3.58482;11.9924;1.39;9999.00;
14/06/2019 14:28:05.554;116;-12823.605;5133.587;1.137;11.991;380.02;258;2.6832;313;0.000812896;65;1.6544;3.58486;11.9938;0.27;9999.00;
14/06/2019 14:28:35.562;116;-12823.606;5133.588;1.179;11.984;379.18;169;1.5351;392;0.001054320;70;2.1714;3.58441;11.9890;0.30;9999.00;
14/06/2019 14:29:05.569;116;-12823.611;5133.591;1.179;11.983;379.13;225;2.2575;326;0.000852624;62;1.3442;3.58432;11.9866;0.34;9999.00;
14/06/2019 14:29:35.575;116;-12823.609;5133.591;1.137;11.987;379.47;223;2.2317;325;0.000849568;64;1.5510;3.58448;11.9897;0.20;9999.00;
14/06/2019 14:30:05.583;116;-12823.617;5133.595;1.116;11.986;379.83;248;2.5542;345;0.000910688;68;1.9646;3.58476;11.9903;0.17;9999.00;
14/06/2019 14:30:35.592;116;-12823.618;5133.595;1.158;11.987;379.95;232;2.3478;328;0.000858736;64;1.5510;3.58513;11.9907;0.27;9999.00;
14/06/2019 14:31:05.599;116;-12823.620;5133.599;1.455;11.988;379.55;248;2.5542;385;0.001032928;62;1.3442;3.58491;11.9893;1.40;9999.00;
14/06/2019 14:31:35.605;116;-12823.624;5133.600;1.306;11.986;379.15;239;2.4381;332;0.000870960;63;1.4476;3.58466;11.9868;0.63;9999.00;
14/06/2019 14:32:05.611;116;-12823.626;5133.604;1.116;11.986;379.66;254;2.6316;348;0.000919856;62;1.3442;3.58478;11.9917;0.12;9999.00;
14/06/2019 14:32:35.622;116;-12823.628;5133.604;1.158;11.986;379.74;254;2.6316;302;0.000779280;63;1.4476;3.58472;11.9912;0.42;9999.00;
14/06/2019 14:33:05.630;116;-12823.629;5133.605;1.137;11.985;379.54;269;2.8251;326;0.000852624;64;1.5510;3.58433;11.9854;0.33;9999.00;
14/06/2019 14:33:35.634;116;-12823.639;5133.609;1.158;11.998;379.54;240;2.4510;343;0.000904576;65;1.6544;3.58473;11.9912;0.31;9999.00;
14/06/2019 14:34:05.641;116;-12823.639;5133.611;1.116;11.982;379.37;273;2.8767;308;0.000797616;73;2.4816;3.58473;11.9910;0.32;9999.00;
14/06/2019 14:34:35.648;116;-12823.639;5133.612;1.179;11.985;379.51;223;2.2317;316;0.000822064;67;1.8612;3.58461;11.9892;0.46;9999.00;
14/06/2019 14:35:05.656;116;-12823.641;5133.615;1.264;11.988;379.24;209;2.0511;252;0.000626480;64;1.5510;3.58475;11.9899;0.61;9999.00;
14/06/2019 14:35:35.663;116;-12823.642;5133.615;1.137;11.986;379.47;204;1.9866;355;0.000941248;55;0.6204;3.58466;11.9900;0.15;9999.00;
14/06/2019 14:36:05.667;116;-12823.645;5133.618;1.158;11.984;378.80;218;2.1672;357;0.000947360;67;1.8612;3.58462;11.9895;0.26;9999.00;
14/06/2019 14:36:35.674;116;-12823.646;5133.619;1.094;11.990;379.27;177;1.6383;286;0.000730384;71;2.2748;3.58501;11.9913;0.56;9999.00;
14/06/2019 14:37:05.680;116;-12823.648;5133.623;1.222;11.991;379.54;292;3.1218;275;0.000696768;74;2.5850;3.58511;11.9923;0.58;9999.00;
14/06/2019 14:37:35.686;116;-12823.649;5133.622;1.116;11.986;379.26;177;1.6383;336;0.000883184;63;1.4476;3.58493;11.9915;0.34;9999.00;
14/06/2019 14:38:05.698;116;-12823.651;5133.624;1.391;11.991;379.42;86;0.4644;270;0.000681488;69;2.0680;3.58505;11.9919;1.03;9999.00;
14/06/2019 14:38:35.705;116;-12823.654;5133.627;1.137;11.989;379.38;106;0.7224;181;0.000409504;51;0.2068;3.58497;11.9936;0.28;9999.00;
14/06/2019 14:39:05.711;116;-12823.657;5133.629;1.158;11.989;379.35;147;1.2513;174;0.000388112;53;0.4136;3.58491;11.9916;0.29;9999.00;
14/06/2019 14:39:35.718;116;-12823.655;5133.629;1.158;11.986;379.18;153;1.3287;398;0.001072656;62;1.3442;3.58485;11.9921;0.28;9999.00;
14/06/2019 14:40:05.726;116;-12823.663;5133.634;1.137;11.991;379.23;120;0.9030;300;0.000773168;68;1.9646;3.58496;11.9922;0.48;9999.00;
14/06/2019 14:40:35.733;116;-12823.666;5133.636;1.094;11.993;379.07;169;1.5351;304;0.000785392;65;1.6544;3.58495;11.9920;0.49;9999.00;
14/06/2019 14:41:05.737;116;-12823.670;5133.637;1.200;11.990;379.33;-26;-0.9804;330;0.000864848;63;1.4476;3.58512;11.9933;0.84;9999.00;
14/06/2019 14:41:35.744;116;-12823.671;5133.638;1.137;11.990;379.05;136;1.1094;182;0.000412560;57;0.8272;3.58511;11.9955;0.18;9999.00;
14/06/2019 14:42:05.751;116;-12823.674;5133.641;1.158;11.992;379.21;168;1.5222;266;0.000669264;68;1.9646;3.58515;11.9953;0.14;9999.00;
14/06/2019 14:42:35.758;116;-12823.677;5133.644;1.158;11.991;378.94;111;0.7869;99;0.000158912;53;0.4136;3.58511;11.9938;0.43;9999.00;
14/06/2019 14:43:05.765;116;-12823.681;5133.647;1.116;11.994;379.06;199;1.9221;342;0.000901520;66;1.7578;3.58524;11.9959;0.34;9999.00;
14/06/2019 14:43:35.772;116;-12823.682;5133.647;1.116;11.988;379.14;142;1.1868;175;0.000391168;51;0.2068;3.58518;11.9948;0.33;9999.00;
14/06/2019 14:44:05.778;116;-12823.686;5133.651;1.137;11.990;379.56;192;1.8318;316;0.000822064;72;2.3782;3.58525;11.9969;0.33;9999.00;
14/06/2019 14:44:35.784;116;-12823.686;5133.651;1.137;11.992;379.65;141;1.1739;362;0.000962640;62;1.3442;3.58533;11.9957;0.28;9999.00;
14/06/2019 14:45:05.791;116;-12823.689;5133.656;1.306;11.989;379.44;91;0.5289;205;0.000482848;67;1.8612;3.58536;11.9938;1.32;9999.00;
14/06/2019 14:45:35.822;116;-12823.690;5133.658;1.222;11.993;379.23;198;1.9092;402;0.001084880;66;1.7578;3.58541;11.9952;0.80;9999.00;
14/06/2019 14:46:05.838;116;-12823.693;5133.658;1.094;11.990;379.30;53;0.0387;257;0.000641760;61;1.2408;3.58543;11.9965;0.39;9999.00;
14/06/2019 14:46:35.844;116;-12823.692;5133.659;1.094;11.988;379.46;172;1.5738;283;0.000721216;63;1.4476;3.58539;11.9965;0.24;9999.00;
14/06/2019 14:47:05.851;116;-12823.698;5133.664;1.200;11.987;379.53;245;2.5155;274;0.000693712;64;1.5510;3.58534;11.9948;0.31;9999.00;
14/06/2019 14:47:35.858;116;-12823.699;5133.665;1.264;11.991;379.29;171;1.5609;293;0.000751776;66;1.7578;3.58536;11.9931;0.46;9999.00;
14/06/2019 14:48:05.864;116;-12823.704;5133.667;1.116;11.989;379.25;238;2.4252;238;0.000583696;68;1.9646;3.58526;11.9928;0.11;9999.00;
14/06/2019 14:48:35.880;116;-12823.707;5133.668;1.137;11.986;379.33;168;1.5222;333;0.000874016;64;1.5510;3.58538;11.9942;0.20;9999.00;
14/06/2019 14:49:05.888;116;-12823.711;5133.670;1.116;11.987;379.57;177;1.6383;323;0.000843456;62;1.3442;3.58548;11.9958;0.13;9999.00;
14/06/2019 14:49:35.894;116;-12823.712;5133.673;1.116;11.988;379.55;183;1.7157;321;0.000837344;64;1.5510;3.58524;11.9920;0.17;9999.00;
14/06/2019 14:50:05.902;116;-12823.716;5133.677;1.222;11.988;379.87;268;2.8122;412;0.001115440;65;1.6544;3.58551;11.9956;0.46;9999.00;
14/06/2019 14:50:35.909;116;-12823.719;5133.678;1.179;11.991;379.73;223;2.2317;332;0.000870960;63;1.4476;3.58554;11.9960;0.19;9999.00;
14/06/2019 14:51:05.917;116;-12823.720;5133.681;1.264;11.991;379.23;173;1.5867;315;0.000819008;65;1.6544;3.58534;11.9917;0.84;9999.00;
14/06/2019 14:51:35.922;116;-12823.721;5133.683;1.264;11.987;379.06;216;2.1414;373;0.000996256;65;1.6544;3.58537;11.9908;1.32;9999.00;
14/06/2019 14:52:05.930;116;-12823.724;5133.685;1.158;11.987;378.93;191;1.8189;334;0.000877072;64;1.5510;3.58522;11.9922;0.20;9999.00;
14/06/2019 14:52:35.937;116;-12823.723;5133.686;1.116;11.986;378.93;189;1.7931;327;0.000855680;68;1.9646;3.58516;11.9919;0.19;9999.00;
14/06/2019 14:53:05.944;116;-12823.727;5133.689;1.137;11.986;379.23;211;2.0769;278;0.000705936;20;-2.9986;3.58517;11.9908;0.26;9999.00;
14/06/2019 14:53:35.951;116;-12823.727;5133.689;1.137;11.987;379.31;217;2.1543;478;0.001317136;64;1.5510;3.58525;11.9929;0.19;9999.00;
14/06/2019 14:54:05.958;116;-12823.730;5133.693;1.116;11.986;379.30;237;2.4123;306;0.000791504;66;1.7578;3.58518;11.9909;0.32;9999.00;
14/06/2019 14:54:35.965;116;-12823.730;5133.693;1.179;11.986;379.09;213;2.1027;284;0.000724272;63;1.4476;3.58527;11.9919;0.81;9999.00;
14/06/2019 14:55:05.973;116;-12823.737;5133.696;1.094;11.989;379.35;180;1.6770;417;0.001130720;64;1.5510;3.58535;11.9921;0.10;9999.00;
14/06/2019 14:55:35.979;116;-12823.737;5133.698;1.264;11.985;379.20;206;2.0124;333;0.000874016;62;1.3442;3.58527;11.9906;0.64;9999.00;
14/06/2019 14:56:05.985;116;-12823.737;5133.700;1.158;11.979;379.31;216;2.1414;312;0.000809840;65;1.6544;3.58517;11.9898;0.15;9999.00;
14/06/2019 14:56:35.992;116;-12823.738;5133.701;1.094;11.985;379.32;251;2.5929;394;0.001060432;61;1.2408;3.58525;11.9919;0.21;9999.00;
14/06/2019 14:57:05.997;116;-12823.742;5133.704;1.200;11.983;379.10;197;1.8963;366;0.000974864;62;1.3442;3.58484;11.9864;0.26;9999.00;
14/06/2019 14:57:36.005;116;-12823.744;5133.707;1.264;11.989;379.13;228;2.2962;353;0.000935136;62;1.3442;3.58516;11.9893;1.16;9999.00;
14/06/2019 14:58:06.013;116;-12823.749;5133.710;1.158;11.986;379.40;229;2.3091;368;0.000980976;70;2.1714;3.58511;11.9907;0.29;9999.00;
14/06/2019 14:58:36.019;116;-12823.750;5133.710;1.158;11.987;379.41;205;1.9995;336;0.000883184;64;1.5510;3.58514;11.9903;0.34;9999.00;
14/06/2019 14:59:06.026;116;-12823.751;5133.717;1.222;11.983;379.19;196;1.8834;321;0.000837344;66;1.7578;3.58513;11.9901;0.54;9999.00;
14/06/2019 14:59:36.032;116;-12823.753;5133.717;1.179;11.986;378.84;213;2.1027;323;0.000843456;66;1.7578;3.58471;11.9861;0.39;9999.00;
14/06/2019 15:00:06.041;116;-12823.757;5133.721;1.137;11.979;379.09;217;2.1543;409;0.001106272;65;1.6544;3.58475;11.9858;0.31;9999.00;
14/06/2019 15:00:36.048;116;-12823.757;5133.724;1.052;11.986;378.62;175;1.6125;296;0.000760944;65;1.6544;3.58479;11.9873;0.53;9999.00;
14/06/2019 15:01:06.056;116;-12823.760;5133.726;1.116;11.985;379.13;228;2.2962;314;0.000815952;61;1.2408;3.58485;11.9903;0.15;9999.00;
14/06/2019 15:01:36.063;116;-12823.762;5133.729;1.137;11.984;379.05;195;1.8705;414;0.001121552;61;1.2408;3.58478;11.9881;0.14;9999.00;
14/06/2019 15:02:06.072;116;-12823.763;5133.732;1.116;11.982;379.30;183;1.7157;322;0.000840400;63;1.4476;3.58497;11.9893;0.70;9999.00;
14/06/2019 15:02:36.078;116;-12823.763;5133.732;1.116;11.987;379.19;201;1.9479;324;0.000846512;62;1.3442;3.58503;11.9896;0.36;9999.00;
14/06/2019 15:03:06.085;116;-12823.769;5133.735;1.200;11.988;379.55;190;1.8060;317;0.000825120;60;1.1374;3.58515;11.9909;0.55;9999.00;
14/06/2019 15:03:36.092;116;-12823.767;5133.740;1.158;11.984;379.21;181;1.6899;315;0.000819008;65;1.6544;3.58490;11.9874;0.21;9999.00;
14/06/2019 15:04:06.099;116;-12823.771;5133.743;1.137;11.985;378.91;171;1.5609;317;0.000825120;65;1.6544;3.58474;11.9890;0.26;9999.00;
14/06/2019 15:04:36.106;116;-12823.771;5133.743;1.137;11.986;379.31;159;1.4061;299;0.000770112;60;1.1374;3.58502;11.9903;0.52;9999.00;
14/06/2019 15:05:06.119;116;-12823.774;5133.748;1.116;11.985;379.13;210;2.0640;313;0.000812896;65;1.6544;3.58494;11.9911;0.21;9999.00;
14/06/2019 15:05:36.128;116;-12823.774;5133.748;1.179;11.988;379.24;158;1.3932;393;0.001057376;59;1.0340;3.58502;11.9928;0.14;9999.00;
14/06/2019 15:06:06.135;116;-12823.779;5133.751;1.073;11.992;379.34;163;1.4577;266;0.000669264;52;0.3102;3.58547;11.9966;0.18;9999.00;
14/06/2019 15:06:36.141;116;-12823.778;5133.754;1.094;11.990;379.15;54;0.0516;296;0.000760944;63;1.4476;3.58515;11.9942;0.19;9999.00;
14/06/2019 15:07:06.148;116;-12823.780;5133.759;1.179;11.988;379.02;262;2.7348;336;0.000883184;47;-0.2068;3.58516;11.9920;0.29;9999.00;
14/06/2019 15:07:36.155;116;-12823.779;5133.760;1.116;11.991;378.94;69;0.2451;251;0.000623424;57;0.8272;3.58564;11.9963;0.21;9999.00;
14/06/2019 15:08:06.162;110;-12823.783;5133.760;1.137;11.993;378.88;98;0.6192;113;0.000201696;34;-1.5510;3.58562;11.9959;0.28;9999.00;
14/06/2019 15:08:36.169;110;-12823.783;5133.760;6.220;11.986;379.59;323;3.5217;308;0.000797616;66;1.7578;3.58565;11.9875;5.13;9999.00;
14/06/2019 15:09:06.175;100;-12823.783;5133.760;15.201;12.001;352.49;251;2.5929;392;0.001054320;65;1.6544;3.68084;12.0565;13.52;9999.00;
14/06/2019 15:09:36.182;100;-12823.783;5133.760;20.136;11.428;340.05;254;2.6316;321;0.000837344;62;1.3442;3.63470;11.4939;20.68;9999.00;
14/06/2019 15:10:06.189;100;-12823.783;5133.760;23.864;9.816;300.67;88;0.4902;175;0.000391168;63;1.4476;3.51287;9.9482;25.85;9999.00;
14/06/2019 15:10:36.197;100;-12823.783;5133.760;30.874;9.292;287.61;73;0.2967;139;0.000281152;64;1.5510;3.46514;9.3298;31.52;9999.00;
14/06/2019 15:11:06.203;100;-12823.783;5133.760;34.263;9.109;282.97;65;0.1935;136;0.000271984;63;1.4476;3.45146;9.1380;36.38;9999.00;
14/06/2019 15:11:36.210;100;-12823.783;5133.760;41.104;8.759;271.51;62;0.1548;124;0.000235312;60;1.1374;3.42693;8.7858;41.96;9999.00;
14/06/2019 15:12:06.217;100;-12823.783;5133.760;44.535;8.745;250.38;64;0.1806;134;0.000265872;63;1.4476;3.43142;8.7458;46.68;9999.00;
14/06/2019 15:12:36.224;100;-12823.783;5133.760;51.184;8.368;260.14;55;0.0645;115;0.000207808;61;1.2408;3.40339;8.3898;52.16;9999.00;
14/06/2019 15:13:06.231;100;-12823.783;5133.760;54.700;8.177;249.42;56;0.0774;112;0.000198640;63;1.4476;3.39684;8.2222;57.10;9999.00;
14/06/2019 15:13:36.235;100;-12823.783;5133.760;61.624;8.158;226.73;56;0.0774;119;0.000220032;62;1.3442;3.40831;8.1473;62.64;9999.00;
14/06/2019 15:14:06.242;100;-12823.783;5133.760;64.843;8.081;206.80;56;0.0774;118;0.000216976;59;1.0340;3.41966;8.1639;67.30;9999.00;
14/06/2019 15:14:36.249;100;-12823.783;5133.760;71.387;8.022;182.32;56;0.0774;145;0.000299488;62;1.3442;3.42350;8.0334;72.56;9999.00;
14/06/2019 15:15:06.256;100;-12823.783;5133.760;74.478;7.829;179.61;56;0.0774;129;0.000250592;62;1.3442;3.42244;7.8493;76.93;9999.00;
14/06/2019 15:15:36.268;100;-12823.783;5133.760;80.238;7.752;173.46;53;0.0387;127;0.000244480;60;1.1374;3.42394;7.7587;81.52;9999.00;
14/06/2019 15:16:06.276;100;-12823.783;5133.760;83.096;7.706;176.02;56;0.0774;123;0.000232256;61;1.2408;3.42642;7.7121;85.56;9999.00;
14/06/2019 15:16:36.281;100;-12823.783;5133.760;88.707;7.680;184.62;55;0.0645;123;0.000232256;60;1.1374;3.42931;7.7014;90.03;9999.00;
14/06/2019 15:17:06.288;100;-12823.783;5133.760;91.312;7.555;164.94;53;0.0387;115;0.000207808;62;1.3442;3.42740;7.5778;93.87;9999.00;
14/06/2019 15:17:36.295;100;-12823.783;5133.760;96.584;7.515;154.41;53;0.0387;128;0.000247536;59;1.0340;3.43078;7.5249;98.08;9999.00;
14/06/2019 15:18:06.302;100;-12823.783;5133.760;99.209;7.427;146.59;53;0.0387;153;0.000323936;61;1.2408;3.42748;7.4369;101.67;9999.00;
14/06/2019 15:18:36.308;100;-12823.783;5133.760;104.227;7.407;144.32;57;0.0903;148;0.000308656;59;1.0340;3.42739;7.4111;105.75;9999.00;
14/06/2019 15:19:06.314;100;-12823.783;5133.760;106.725;7.399;143.26;55;0.0645;150;0.000314768;62;1.3442;3.42734;7.4038;109.35;9999.00;
14/06/2019 15:19:36.319;100;-12823.783;5133.760;111.891;7.363;138.43;55;0.0645;140;0.000284208;61;1.2408;3.42915;7.3794;113.53;9999.00;
14/06/2019 15:20:06.327;100;-12823.783;5133.760;114.411;7.278;130.15;54;0.0516;177;0.000397280;59;1.0340;3.42484;7.2845;117.09;9999.00;
14/06/2019 15:20:36.334;100;-12823.783;5133.760;119.174;7.218;122.76;52;0.0258;190;0.000437008;64;1.5510;3.42322;7.2276;120.97;9999.00;
14/06/2019 15:21:06.341;100;-12823.783;5133.760;121.609;7.172;120.15;52;0.0258;173;0.000385056;63;1.4476;3.42182;7.1776;124.34;9999.00;
14/06/2019 15:21:36.347;100;-12823.783;5133.760;126.330;7.128;113.04;51;0.0129;233;0.000568416;62;1.3442;3.42077;7.1344;128.18;9999.00;
14/06/2019 15:22:06.353;100;-12823.783;5133.760;128.574;7.122;110.18;55;0.0645;178;0.000400336;61;1.2408;3.42065;7.1247;131.39;9999.00;
14/06/2019 15:22:36.360;100;-12823.783;5133.760;132.956;7.071;98.58;55;0.0645;187;0.000427840;60;1.1374;3.42024;7.0752;134.92;9999.00;
14/06/2019 15:23:06.365;100;-12823.783;5133.760;135.136;6.879;95.70;57;0.0903;229;0.000556192;62;1.3442;3.41146;6.9113;138.00;9999.00;
14/06/2019 15:23:36.371;100;-12823.783;5133.760;139.561;6.505;79.26;54;0.0516;276;0.000699824;61;1.2408;3.39024;6.5151;141.53;9999.00;
14/06/2019 15:24:06.378;100;-12823.783;5133.760;141.614;6.452;74.65;54;0.0516;322;0.000840400;64;1.5510;3.38639;6.4545;144.46;9999.00;
14/06/2019 15:24:36.385;100;-12823.783;5133.760;145.848;6.450;73.80;54;0.0516;332;0.000870960;64;1.5510;3.38601;6.4503;147.90;9999.00;
14/06/2019 15:25:06.391;100;-12823.783;5133.760;147.901;6.445;73.74;53;0.0387;341;0.000898464;64;1.5510;3.38579;6.4473;150.89;9999.00;
14/06/2019 15:25:36.398;100;-12823.783;5133.760;152.092;6.440;73.82;54;0.0516;332;0.000870960;63;1.4476;3.38550;6.4435;154.25;9999.00;
14/06/2019 15:26:06.406;100;-12823.783;5133.760;154.188;6.410;73.69;54;0.0516;373;0.000996256;62;1.3442;3.38349;6.4125;157.17;9999.00;
14/06/2019 15:26:36.411;100;-12823.783;5133.760;158.252;6.393;73.90;53;0.0387;387;0.001039040;63;1.4476;3.38219;6.3950;160.43;9999.00;
14/06/2019 15:27:06.418;118;-12823.783;5133.760;156.897;6.413;73.68;55;0.0645;357;0.000947360;61;1.2408;3.38301;6.4099;158.42;9999.00;
14/06/2019 15:27:36.426;118;-12823.783;5133.760;153.786;6.447;73.84;52;0.0258;322;0.000840400;62;1.3442;3.38548;6.4506;153.31;9999.00;
14/06/2019 15:28:06.432;117;-12823.783;5133.760;149.912;6.450;73.87;53;0.0387;309;0.000800672;62;1.3442;3.38550;6.4544;147.79;9999.00;
14/06/2019 15:28:36.439;117;-12823.783;5133.760;141.656;6.485;76.42;55;0.0645;262;0.000657040;62;1.3442;3.38618;6.4772;141.41;9999.00;
14/06/2019 15:29:06.447;117;-12823.783;5133.760;137.740;6.964;95.97;51;0.0129;183;0.000415616;61;1.2408;3.40855;6.9095;135.75;9999.00;
14/06/2019 15:29:36.453;117;-12823.783;5133.760;130.013;7.115;108.08;56;0.0774;180;0.000406448;62;1.3442;3.41921;7.1206;129.50;9999.00;
14/06/2019 15:30:06.459;117;-12823.783;5133.760;126.012;7.152;115.62;53;0.0387;169;0.000372832;60;1.1374;3.42003;7.1542;124.06;9999.00;
14/06/2019 15:30:36.466;117;-12823.783;5133.760;118.603;7.261;124.17;58;0.1032;173;0.000385056;60;1.1374;3.42269;7.2490;118.08;9999.00;
14/06/2019 15:31:06.472;117;-12823.783;5133.760;114.898;7.402;137.63;55;0.0645;144;0.000296432;61;1.2408;3.42848;7.3926;112.94;9999.00;
14/06/2019 15:31:36.481;117;-12823.783;5133.760;108.080;7.401;142.68;53;0.0387;169;0.000372832;60;1.1374;3.42666;7.4050;107.49;9999.00;
14/06/2019 15:32:06.486;117;-12823.783;5133.760;104.756;7.427;145.13;53;0.0387;149;0.000311712;61;1.2408;3.42674;7.4327;102.77;9999.00;
14/06/2019 15:32:36.493;117;-12823.783;5133.760;98.362;7.501;151.09;52;0.0258;125;0.000238368;60;1.1374;3.42951;7.5079;97.61;9999.00;
14/06/2019 15:33:06.500;117;-12823.783;5133.760;95.271;7.592;166.63;52;0.0258;129;0.000250592;60;1.1374;3.42545;7.5636;93.16;9999.00;
14/06/2019 15:33:36.506;117;-12823.783;5133.760;89.046;7.700;181.70;53;0.0387;120;0.000223088;63;1.4476;3.42618;7.7072;88.16;9999.00;
14/06/2019 15:34:06.512;117;-12823.783;5133.760;85.849;7.747;177.01;57;0.0903;123;0.000232256;62;1.3442;3.42366;7.7442;83.81;9999.00;
14/06/2019 15:34:36.516;117;-12823.783;5133.760;80.195;7.785;177.35;54;0.0516;126;0.000241424;63;1.4476;3.42115;7.7902;79.37;9999.00;
14/06/2019 15:35:06.534;117;-12823.783;5133.760;77.464;7.908;179.31;58;0.1032;128;0.000247536;60;1.1374;3.42135;7.9239;75.34;9999.00;
14/06/2019 15:35:36.540;117;-12823.783;5133.760;71.958;8.042;196.82;56;0.0774;125;0.000238368;63;1.4476;3.41591;8.0466;71.13;9999.00;
14/06/2019 15:36:06.547;117;-12823.783;5133.760;69.650;8.189;207.24;57;0.0903;123;0.000232256;63;1.4476;3.42017;8.2132;67.88;9999.00;
14/06/2019 15:36:36.554;117;-12823.783;5133.760;65.309;8.123;224.22;56;0.0774;116;0.000210864;63;1.4476;3.40693;8.1359;64.36;9999.00;
14/06/2019 15:37:06.561;117;-12823.783;5133.760;63.107;8.120;233.70;52;0.0258;114;0.000204752;62;1.3442;3.39896;8.1177;61.19;9999.00;
14/06/2019 15:37:36.566;117;-12823.783;5133.760;58.766;8.165;245.63;56;0.0774;116;0.000210864;64;1.5510;3.39382;8.1675;57.70;9999.00;
14/06/2019 15:38:06.572;117;-12823.783;5133.760;56.563;8.305;252.56;58;0.1032;117;0.000213920;64;1.5510;3.39483;8.2595;54.53;9999.00;
14/06/2019 15:38:36.580;117;-12823.783;5133.760;52.286;8.403;255.81;55;0.0645;122;0.000229200;61;1.2408;3.40141;8.4079;51.12;9999.00;
14/06/2019 15:39:06.586;117;-12823.783;5133.760;50.189;8.486;265.21;58;0.1032;116;0.000210864;61;1.2408;3.40247;8.4786;48.32;9999.00;
14/06/2019 15:39:36.594;117;-12823.783;5133.760;46.313;8.598;264.78;61;0.1419;127;0.000244480;59;1.0340;3.41088;8.5956;45.16;9999.00;
14/06/2019 15:40:06.601;117;-12823.783;5133.760;44.450;8.728;265.05;63;0.1677;149;0.000311712;62;1.3442;3.41972;8.7235;42.46;9999.00;
14/06/2019 15:40:36.607;117;-12823.783;5133.760;40.722;8.887;276.21;65;0.1935;129;0.000250592;64;1.5510;3.43025;8.8921;39.49;9999.00;
14/06/2019 15:41:06.613;117;-12823.783;5133.760;38.944;9.095;283.62;72;0.2838;139;0.000281152;64;1.5510;3.44422;9.1042;37.04;9999.00;
14/06/2019 15:41:36.621;117;-12823.783;5133.760;35.555;9.217;290.99;73;0.2967;134;0.000265872;62;1.3442;3.45233;9.2267;34.25;9999.00;
14/06/2019 15:42:06.627;117;-12823.783;5133.760;33.734;9.368;293.87;81;0.3999;145;0.000299488;62;1.3442;3.46260;9.3757;31.75;9999.00;
14/06/2019 15:42:36.634;117;-12823.783;5133.760;30.303;9.622;294.02;95;0.5805;157;0.000336160;64;1.5510;3.47608;9.5636;29.02;9999.00;
14/06/2019 15:43:06.645;117;-12823.783;5133.760;28.651;10.314;305.35;139;1.1481;225;0.000543968;62;1.3442;3.52244;10.2123;26.60;9999.00;
14/06/2019 15:43:36.650;117;-12823.783;5133.760;25.495;11.380;335.41;266;2.7864;327;0.000855680;62;1.3442;3.62257;11.4303;24.10;9999.00;
14/06/2019 15:44:06.656;117;-12823.783;5133.760;23.928;11.665;340.94;379;4.2441;441;0.001204064;62;1.3442;3.64565;11.6707;21.94;9999.00;
14/06/2019 15:44:36.663;117;-12823.783;5133.760;20.878;11.801;342.84;349;3.8571;420;0.001139888;61;1.2408;3.65975;11.8163;19.49;9999.00;
14/06/2019 15:45:06.671;117;-12823.783;5133.760;19.374;11.914;349.22;286;3.0444;406;0.001097104;63;1.4476;3.66928;11.9284;17.30;9999.00;
14/06/2019 15:45:36.678;117;-12823.783;5133.760;16.387;11.978;350.97;254;2.6316;410;0.001109328;61;1.2408;3.67503;11.9936;14.89;9999.00;
14/06/2019 15:46:06.684;117;-12823.783;5133.760;14.862;12.071;352.61;204;1.9866;386;0.001035984;64;1.5510;3.67994;12.0463;12.73;9999.00;
14/06/2019 15:46:36.691;117;-12823.783;5133.760;11.812;12.264;355.31;272;2.8638;447;0.001222400;64;1.5510;3.69813;12.2754;10.15;9999.00;
14/06/2019 15:47:06.698;117;-12823.783;5133.760;10.181;12.095;373.24;318;3.4572;428;0.001164336;62;1.3442;3.61562;12.1186;8.15;9999.00;
