PLD_REALTIMECLOCK;NAV_RESOURCE;NAV_LONGITUDE;NAV_LATITUDE;NAV_DEPTH;AROD_FT_TEMP;AROD_FT_DO;FLBBCD_CHL_COUNT;FLBBCD_CHL_SCALED;FLBBCD_BB_700_COUNT;FLBBCD_BB_700_SCALED;FLBBCD_CDOM_COUNT;FLBBCD_CDOM_SCALED;GPCTD_CONDUCTIVITY;GPCTD_TEMPERATURE;GPCTD_PRESSURE;GPCTD_DOF;
16/06/2019 04:42:11.660;110;-12841.591;5123.605;8.444;12.367;338.82;125;0.9675;284;0.000724272;60;1.1374;3.71413;12.3900;7.55;9999.00;
16/06/2019 04:42:41.666;110;-12841.591;5123.605;10.796;12.104;339.00;161;1.4319;252;0.000626480;60;1.1374;3.69425;12.1517;12.30;9999.00;
16/06/2019 04:43:11.674;100;-12841.591;5123.605;19.776;10.888;331.00;146;1.2384;165;0.000360608;62;1.3442;3.61152;11.1450;19.43;9999.00;
16/06/2019 04:43:41.680;100;-12841.591;5123.605;23.928;10.258;303.76;105;0.7095;152;0.000320880;65;1.6544;3.54535;10.2580;25.08;9999.00;
16/06/2019 04:44:11.698;100;-12841.591;5123.605;31.573;9.964;310.20;88;0.4902;150;0.000314768;61;1.2408;3.52434;9.9961;31.31;9999.00;
16/06/2019 04:44:41.706;100;-12841.591;5123.605;35.153;9.639;305.73;79;0.3741;150;0.000314768;62;1.3442;3.49977;9.6794;36.52;9999.00;
16/06/2019 04:45:11.713;100;-12841.591;5123.605;42.650;9.443;293.73;69;0.2451;139;0.000281152;61;1.2408;3.48487;9.4673;42.59;9999.00;
16/06/2019 04:45:41.720;100;-12841.591;5123.605;46.398;9.035;285.39;63;0.1677;142;0.000290320;63;1.4476;3.45094;9.0321;47.87;9999.00;
16/06/2019 04:46:11.728;100;-12841.591;5123.605;53.429;8.933;284.35;65;0.1935;133;0.000262816;61;1.2408;3.44686;8.9700;53.60;9999.00;
16/06/2019 04:46:41.733;100;-12841.591;5123.605;57.072;8.774;282.88;58;0.1032;130;0.000253648;60;1.1374;3.43839;8.8523;58.66;9999.00;
16/06/2019 04:47:11.741;100;-12841.591;5123.605;64.229;8.473;275.60;53;0.0387;114;0.000204752;60;1.1374;3.42086;8.5460;64.46;9999.00;
16/06/2019 04:47:41.748;100;-12841.591;5123.605;67.914;8.331;259.13;54;0.0516;115;0.000207808;60;1.1374;3.41473;8.3508;69.61;9999.00;
16/06/2019 04:48:11.756;100;-12841.591;5123.605;75.050;8.249;247.01;54;0.0516;120;0.000223088;58;0.9306;3.41721;8.2609;75.47;9999.00;
16/06/2019 04:48:41.763;100;-12841.591;5123.605;78.544;8.137;225.64;53;0.0387;131;0.000256704;60;1.1374;3.42293;8.1364;80.40;9999.00;
16/06/2019 04:49:11.781;100;-12841.591;5123.605;85.256;7.995;204.98;55;0.0645;128;0.000247536;61;1.2408;3.42626;8.0071;85.77;9999.00;
16/06/2019 04:49:41.787;100;-12841.591;5123.605;88.496;7.860;187.11;53;0.0387;143;0.000293376;62;1.3442;3.42872;7.8741;90.28;9999.00;
16/06/2019 04:50:11.794;100;-12841.591;5123.605;94.593;7.789;180.44;55;0.0645;135;0.000268928;62;1.3442;3.42910;7.8046;95.34;9999.00;
16/06/2019 04:50:41.800;100;-12841.591;5123.605;97.769;7.667;167.09;54;0.0516;147;0.000305600;59;1.0340;3.42977;7.6772;99.74;9999.00;
16/06/2019 04:51:11.806;100;-12841.591;5123.605;103.698;7.584;159.85;56;0.0774;319;0.000831232;62;1.3442;3.43001;7.6015;104.52;9999.00;
16/06/2019 04:51:41.812;100;-12841.591;5123.605;106.619;7.482;154.09;54;0.0516;139;0.000281152;63;1.4476;3.42740;7.4933;108.73;9999.00;
16/06/2019 04:52:11.820;100;-12841.591;5123.605;112.336;7.386;148.45;58;0.1032;170;0.000375888;61;1.2408;3.42384;7.3875;113.31;9999.00;
16/06/2019 04:52:41.827;100;-12841.591;5123.605;114.940;7.301;141.33;53;0.0387;137;0.000275040;63;1.4476;3.42234;7.3175;116.85;9999.00;
16/06/2019 04:53:11.832;100;-12841.591;5123.605;119.746;7.235;132.07;55;0.0645;147;0.000305600;61;1.2408;3.42401;7.2355;120.74;9999.00;
16/06/2019 04:53:41.839;100;-12841.591;5123.605;122.075;7.216;127.70;53;0.0387;151;0.000317824;60;1.1374;3.42498;7.2196;124.06;9999.00;
16/06/2019 04:54:11.847;100;-12841.591;5123.605;126.563;7.178;123.04;54;0.0516;152;0.000320880;59;1.0340;3.42650;7.1863;127.75;9999.00;
16/06/2019 04:54:41.852;100;-12841.591;5123.605;128.722;7.112;115.76;56;0.0774;153;0.000323936;60;1.1374;3.42599;7.1152;130.82;9999.00;
16/06/2019 04:55:11.859;100;-12841.591;5123.605;133.231;7.108;115.05;53;0.0387;154;0.000326992;63;1.4476;3.42638;7.1106;134.46;9999.00;
16/06/2019 04:55:41.863;100;-12841.591;5123.605;135.496;7.105;114.25;52;0.0258;156;0.000333104;58;0.9306;3.42723;7.1061;137.68;9999.00;
16/06/2019 04:56:11.870;100;-12841.591;5123.605;139.984;7.071;112.05;53;0.0387;149;0.000311712;61;1.2408;3.42823;7.0757;141.26;9999.00;
16/06/2019 04:56:41.878;100;-12841.591;5123.605;142.122;6.925;109.21;56;0.0774;156;0.000333104;63;1.4476;3.41703;6.9285;144.37;9999.00;
16/06/2019 04:57:11.886;100;-12841.591;5123.605;146.335;6.898;108.79;53;0.0387;154;0.000326992;60;1.1374;3.41615;6.9125;147.86;9999.00;
16/06/2019 04:57:41.893;100;-12841.591;5123.605;148.451;6.812;107.10;52;0.0258;152;0.000320880;62;1.3442;3.41082;6.8247;150.91;9999.00;
16/06/2019 04:58:11.898;100;-12841.591;5123.605;152.918;6.745;105.81;54;0.0516;155;0.000330048;62;1.3442;3.40611;6.7520;154.48;9999.00;
16/06/2019 04:58:41.905;100;-12841.591;5123.605;155.098;6.728;105.33;53;0.0387;152;0.000320880;60;1.1374;3.40472;6.7320;157.65;9999.00;
16/06/2019 04:59:11.911;100;-12841.591;5123.605;159.713;6.676;104.27;54;0.0516;151;0.000317824;61;1.2408;3.40151;6.6830;161.31;9999.00;
16/06/2019 04:59:41.919;100;-12841.591;5123.605;161.893;6.533;97.99;54;0.0516;172;0.000382000;63;1.4476;3.39282;6.5599;164.49;9999.00;
16/06/2019 05:00:11.926;100;-12841.591;5123.605;166.041;6.398;94.21;53;0.0387;186;0.000424784;62;1.3442;3.38287;6.4123;167.86;9999.00;
16/06/2019 05:00:41.933;100;-12841.591;5123.605;168.137;6.332;91.87;52;0.0258;165;0.000360608;62;1.3442;3.37765;6.3349;170.81;9999.00;
16/06/2019 05:01:11.938;100;-12841.591;5123.605;172.349;6.279;90.94;53;0.0387;182;0.000412560;62;1.3442;3.37461;6.2909;174.28;9999.00;
16/06/2019 05:01:41.945;100;-12841.591;5123.605;174.656;6.229;89.78;52;0.0258;169;0.000372832;61;1.2408;3.37068;6.2332;177.51;9999.00;
16/06/2019 05:02:11.950;118;-12841.591;5123.605;177.767;6.245;89.60;55;0.0645;170;0.000375888;61;1.2408;3.37092;6.2410;178.62;9999.00;
16/06/2019 05:02:41.957;118;-12841.591;5123.605;174.444;6.310;90.84;51;0.0129;162;0.000351440;59;1.0340;3.37519;6.3095;175.28;9999.00;
16/06/2019 05:03:11.963;117;-12841.591;5123.605;168.497;6.362;91.89;52;0.0258;163;0.000354496;60;1.1374;3.37862;6.3656;168.85;9999.00;
16/06/2019 05:03:41.972;117;-12841.591;5123.605;164.052;6.609;99.73;53;0.0387;155;0.000330048;63;1.4476;3.39255;6.5813;163.06;9999.00;
16/06/2019 05:04:11.976;117;-12841.591;5123.605;156.135;6.747;105.27;56;0.0774;147;0.000305600;61;1.2408;3.40479;6.7518;156.75;9999.00;
16/06/2019 05:04:41.985;117;-12841.591;5123.605;152.071;6.886;107.32;54;0.0516;149;0.000311712;60;1.1374;3.41140;6.8592;150.83;9999.00;
16/06/2019 05:05:11.990;117;-12841.591;5123.605;143.562;6.932;108.89;51;0.0129;146;0.000302544;62;1.3442;3.41606;6.9352;143.93;9999.00;
16/06/2019 05:05:41.995;117;-12841.591;5123.605;139.434;7.104;113.44;55;0.0645;156;0.000333104;61;1.2408;3.42639;7.1057;138.14;9999.00;
16/06/2019 05:06:12.003;117;-12841.591;5123.605;131.284;7.105;114.93;55;0.0645;154;0.000326992;61;1.2408;3.42496;7.1107;131.56;9999.00;
16/06/2019 05:06:42.009;117;-12841.591;5123.605;127.198;7.210;126.02;56;0.0774;171;0.000378944;62;1.3442;3.42443;7.2132;125.69;9999.00;
16/06/2019 05:07:12.016;117;-12841.591;5123.605;118.857;7.260;136.64;54;0.0516;136;0.000271984;60;1.1374;3.42083;7.2646;118.94;9999.00;
16/06/2019 05:07:42.022;117;-12841.591;5123.605;114.771;7.389;142.53;54;0.0516;144;0.000296432;60;1.1374;3.42444;7.3752;113.10;9999.00;
16/06/2019 05:08:12.028;117;-12841.591;5123.605;106.895;7.552;154.13;56;0.0774;145;0.000299488;62;1.3442;3.42815;7.5601;106.75;9999.00;
16/06/2019 05:08:42.035;117;-12841.591;5123.605;103.274;7.661;164.87;55;0.0645;136;0.000271984;58;0.9306;3.42859;7.6623;101.75;9999.00;
16/06/2019 05:09:12.041;117;-12841.591;5123.605;96.414;7.793;176.06;55;0.0645;145;0.000299488;61;1.2408;3.42818;7.7791;96.17;9999.00;
16/06/2019 05:09:42.048;117;-12841.591;5123.605;93.323;7.840;181.95;54;0.0516;183;0.000415616;61;1.2408;3.42752;7.8418;91.62;9999.00;
16/06/2019 05:10:12.053;117;-12841.591;5123.605;86.907;7.939;197.60;56;0.0774;132;0.000259760;63;1.4476;3.42547;7.9363;86.54;9999.00;
16/06/2019 05:10:42.059;117;-12841.591;5123.605;83.774;8.012;204.18;55;0.0645;132;0.000259760;60;1.1374;3.42443;8.0020;82.12;9999.00;
16/06/2019 05:11:12.067;117;-12841.591;5123.605;78.014;8.150;229.20;55;0.0645;123;0.000232256;60;1.1374;3.41921;8.1459;77.45;9999.00;
16/06/2019 05:11:42.075;117;-12841.591;5123.605;75.007;8.171;237.05;57;0.0903;117;0.000213920;58;0.9306;3.41569;8.1617;73.29;9999.00;
16/06/2019 05:12:12.082;117;-12841.591;5123.605;69.629;8.299;254.97;57;0.0903;111;0.000195584;61;1.2408;3.41206;8.3020;68.98;9999.00;
16/06/2019 05:12:42.090;117;-12841.591;5123.605;67.173;8.461;268.24;56;0.0774;114;0.000204752;61;1.2408;3.41450;8.4531;65.48;9999.00;
16/06/2019 05:13:12.103;117;-12841.591;5123.605;62.281;8.719;274.81;56;0.0774;130;0.000253648;63;1.4476;3.42967;8.7227;61.54;9999.00;
16/06/2019 05:13:42.109;117;-12841.591;5123.605;59.803;8.994;280.19;63;0.1677;136;0.000271984;62;1.3442;3.44638;8.9832;58.06;9999.00;
16/06/2019 05:14:12.115;117;-12841.591;5123.605;55.335;9.253;286.87;67;0.2193;155;0.000330048;61;1.2408;3.47142;9.2713;54.46;9999.00;
16/06/2019 05:14:42.122;117;-12841.591;5123.605;53.111;9.318;292.25;69;0.2451;152;0.000320880;61;1.2408;3.47449;9.3280;51.33;9999.00;
16/06/2019 05:15:12.129;117;-12841.591;5123.605;48.812;9.358;294.12;67;0.2193;149;0.000311712;64;1.5510;3.47687;9.3681;47.86;9999.00;
16/06/2019 05:15:42.136;117;-12841.591;5123.605;46.737;9.478;293.44;74;0.3096;152;0.000320880;64;1.5510;3.48682;9.4840;44.85;9999.00;
16/06/2019 05:16:12.144;117;-12841.591;5123.605;42.332;9.556;294.43;69;0.2451;145;0.000299488;62;1.3442;3.49121;9.5511;41.30;9999.00;
16/06/2019 05:16:42.149;117;-12841.591;5123.605;40.002;9.733;294.76;77;0.3483;160;0.000345328;66;1.7578;3.50258;9.7260;38.01;9999.00;
16/06/2019 05:17:12.157;117;-12841.591;5123.605;35.576;9.861;296.12;83;0.4257;144;0.000296432;64;1.5510;3.51261;9.8712;34.40;9999.00;
16/06/2019 05:17:42.174;117;-12841.591;5123.605;33.479;9.976;296.71;91;0.5289;145;0.000299488;62;1.3442;3.52031;9.9750;31.37;9999.00;
16/06/2019 05:18:12.180;117;-12841.591;5123.605;29.138;10.015;297.07;89;0.5031;154;0.000326992;63;1.4476;3.52338;10.0136;27.89;9999.00;
16/06/2019 05:18:42.187;117;-12841.591;5123.605;27.041;10.057;297.45;90;0.5160;164;0.000357552;63;1.4476;3.52736;10.0645;24.82;9999.00;
16/06/2019 05:19:12.194;117;-12841.591;5123.605;22.699;10.150;301.26;98;0.6192;162;0.000351440;63;1.4476;3.53421;10.1575;21.31;9999.00;
16/06/2019 05:19:42.200;117;-12841.591;5123.605;20.602;10.518;310.33;122;0.9288;170;0.000375888;58;0.9306;3.55872;10.5015;18.32;9999.00;
16/06/2019 05:20:12.208;117;-12841.591;5123.605;16.387;11.642;329.23;149;1.2771;229;0.000556192;63;1.4476;3.64706;11.6424;15.01;9999.00;
16/06/2019 05:20:42.225;117;-12841.591;5123.605;14.884;11.972;333.71;182;1.7028;274;0.000693712;61;1.2408;3.67560;11.9658;12.85;9999.00;
16/06/2019 05:21:12.232;117;-12841.591;5123.605;12.088;12.132;337.24;168;1.5222;263;0.000660096;63;1.4476;3.69257;12.1499;10.56;9999.00;
16/06/2019 05:21:42.239;117;-12841.591;5123.605;10.626;12.213;338.71;132;1.0578;257;0.000641760;59;1.0340;3.69916;12.2235;8.42;9999.00;
