PLD_REALTIMECLOCK;NAV_RESOURCE;NAV_LONGITUDE;NAV_LATITUDE;NAV_DEPTH;AROD_FT_TEMP;AROD_FT_DO;FLBBCD_CHL_COUNT;FLBBCD_CHL_SCALED;FLBBCD_BB_700_COUNT;FLBBCD_BB_700_SCALED;FLBBCD_CDOM_COUNT;FLBBCD_CDOM_SCALED;GPCTD_CONDUCTIVITY;GPCTD_TEMPERATURE;GPCTD_PRESSURE;GPCTD_DOF;
16/06/2019 17:23:52.355;115;-12838.252;5125.618;6.559;12.927;330.29;83;0.4257;268;0.000675376;65;1.6544;3.77101;13.0220;7.62;9999.00;
16/06/2019 17:24:22.362;115;-12838.252;5125.618;1.560;13.124;329.68;66;0.2064;222;0.000534800;56;0.7238;3.78120;13.1508;0.62;9999.00;
16/06/2019 17:24:52.370;116;-12838.252;5125.618;1.391;13.166;330.64;66;0.2064;221;0.000531744;57;0.8272;3.78588;13.1909;0.67;9999.00;
16/06/2019 17:25:22.378;116;-12838.252;5125.618;1.518;13.178;330.46;69;0.2451;222;0.000534800;55;0.6204;3.78505;13.1879;0.50;9999.00;
16/06/2019 17:25:52.384;116;-12838.252;5125.618;1.497;13.188;330.57;71;0.2709;242;0.000595920;65;1.6544;3.78517;13.1871;0.56;9999.00;
16/06/2019 17:26:21.574;116;-12837.377;5126.283;1.433;13.180;330.57;67;0.2193;228;0.000553136;57;0.8272;3.78452;13.1827;0.53;9999.00;
16/06/2019 17:26:51.581;116;-12837.377;5126.283;1.433;13.178;330.65;68;0.2322;221;0.000531744;69;2.0680;3.78361;13.1713;0.58;9999.00;
16/06/2019 17:27:21.588;116;-12837.369;5126.291;1.539;13.180;330.76;69;0.2451;220;0.000528688;57;0.8272;3.78455;13.1816;0.55;9999.00;
16/06/2019 17:27:51.595;116;-12837.369;5126.292;1.433;13.182;330.71;68;0.2322;227;0.000550080;59;1.0340;3.78413;13.1786;0.49;9999.00;
16/06/2019 17:28:21.602;116;-12837.361;5126.310;1.476;13.177;330.63;65;0.1935;229;0.000556192;58;0.9306;3.78382;13.1726;0.62;9999.00;
16/06/2019 17:28:51.610;116;-12837.344;5126.344;1.433;13.176;330.83;69;0.2451;228;0.000553136;61;1.2408;3.78383;13.1722;0.56;9999.00;
16/06/2019 17:29:21.617;116;-12837.344;5126.344;1.433;13.178;330.84;66;0.2064;220;0.000528688;58;0.9306;3.77569;13.1787;0.56;9999.00;
16/06/2019 17:29:51.623;116;-12837.355;5126.302;1.412;13.177;330.74;67;0.2193;219;0.000525632;59;1.0340;3.78413;13.1762;0.55;9999.00;
16/06/2019 17:30:21.631;116;-12837.354;5126.304;1.539;13.181;331.15;65;0.1935;233;0.000568416;62;1.3442;3.78455;13.1820;0.48;9999.00;
16/06/2019 17:30:51.637;116;-12837.344;5126.318;1.560;13.179;330.96;67;0.2193;231;0.000562304;59;1.0340;3.78478;13.1850;0.58;9999.00;
16/06/2019 17:31:21.644;116;-12837.343;5126.321;1.497;13.184;330.83;65;0.1935;221;0.000531744;57;0.8272;3.78497;13.1871;0.55;9999.00;
16/06/2019 17:31:51.652;116;-12837.352;5126.320;1.455;13.187;330.80;66;0.2064;225;0.000543968;57;0.8272;3.78469;13.1819;0.57;9999.00;
16/06/2019 17:32:21.658;110;-12837.351;5126.320;1.476;13.193;330.54;71;0.2709;228;0.000553136;57;0.8272;3.78455;13.1804;0.63;9999.00;
16/06/2019 17:32:51.667;110;-12837.351;5126.320;2.937;13.101;330.20;81;0.3999;244;0.000602032;60;1.1374;3.77848;13.1008;3.20;9999.00;
16/06/2019 17:33:21.674;110;-12837.351;5126.320;9.334;12.742;335.03;96;0.5934;261;0.000653984;60;1.1374;3.75971;12.8762;9.33;9999.00;
16/06/2019 17:33:51.681;100;-12837.351;5126.320;14.015;11.961;340.79;163;1.4577;206;0.000485904;65;1.6544;3.70172;12.2039;16.24;9999.00;
16/06/2019 17:34:21.687;100;-12837.351;5126.320;22.191;10.904;327.45;118;0.8772;153;0.000323936;63;1.4476;3.60341;10.9757;21.64;9999.00;
16/06/2019 17:34:51.694;100;-12837.351;5126.320;25.622;10.403;316.60;130;1.0320;175;0.000391168;63;1.4476;3.56863;10.4919;27.33;9999.00;
16/06/2019 17:35:21.700;100;-12837.351;5126.320;32.526;9.965;305.56;102;0.6708;179;0.000403392;63;1.4476;3.53339;10.0110;32.21;9999.00;
16/06/2019 17:35:51.707;100;-12837.351;5126.320;35.873;9.459;297.04;79;0.3741;186;0.000424784;62;1.3442;3.49079;9.4502;37.64;9999.00;
16/06/2019 17:36:21.710;100;-12837.351;5126.320;42.713;9.351;292.85;69;0.2451;138;0.000278096;64;1.5510;3.48284;9.3473;42.52;9999.00;
16/06/2019 17:36:51.722;100;-12837.351;5126.320;46.081;9.320;292.13;68;0.2322;145;0.000299488;62;1.3442;3.48079;9.3226;48.01;9999.00;
16/06/2019 17:37:21.728;100;-12837.351;5126.320;52.900;9.201;289.16;68;0.2322;166;0.000363664;59;1.0340;3.47282;9.2084;52.92;9999.00;
16/06/2019 17:37:51.736;100;-12837.351;5126.320;56.521;8.875;288.22;62;0.1548;134;0.000265872;62;1.3442;3.45078;8.9046;58.65;9999.00;
16/06/2019 17:38:21.743;100;-12837.351;5126.320;63.319;8.665;282.75;63;0.1677;143;0.000293376;59;1.0340;3.43619;8.6862;63.47;9999.00;
16/06/2019 17:38:51.751;100;-12837.351;5126.320;66.643;8.334;260.72;54;0.0516;133;0.000262816;61;1.2408;3.42687;8.3353;68.93;9999.00;
16/06/2019 17:39:21.758;100;-12837.351;5126.320;73.313;8.249;253.50;55;0.0645;124;0.000235312;58;0.9306;3.42558;8.2657;73.60;9999.00;
16/06/2019 17:39:51.764;100;-12837.351;5126.320;76.469;8.155;245.92;54;0.0516;134;0.000265872;61;1.2408;3.42332;8.1596;78.76;9999.00;
16/06/2019 17:40:21.770;100;-12837.351;5126.320;82.842;8.044;232.71;53;0.0387;129;0.000250592;63;1.4476;3.42253;8.0427;83.25;9999.00;
16/06/2019 17:40:51.776;100;-12837.351;5126.320;85.955;7.972;226.68;50;0.0000;124;0.000235312;61;1.2408;3.42250;7.9864;88.30;9999.00;
16/06/2019 17:41:21.782;100;-12837.351;5126.320;92.010;7.950;221.64;54;0.0516;120;0.000223088;60;1.1374;3.42332;7.9579;92.59;9999.00;
16/06/2019 17:41:51.790;100;-12837.351;5126.320;95.017;7.892;215.21;53;0.0387;133;0.000262816;60;1.1374;3.42448;7.9033;97.47;9999.00;
16/06/2019 17:42:21.797;100;-12837.351;5126.320;100.861;7.776;198.80;53;0.0387;126;0.000241424;62;1.3442;3.42288;7.7805;101.60;9999.00;
16/06/2019 17:42:51.804;100;-12837.351;5126.320;103.719;7.669;182.37;57;0.0903;139;0.000281152;59;1.0340;3.42217;7.6910;106.16;9999.00;
16/06/2019 17:43:21.811;100;-12837.351;5126.320;109.457;7.580;167.48;52;0.0258;129;0.000250592;62;1.3442;3.42545;7.5843;110.37;9999.00;
16/06/2019 17:43:51.816;100;-12837.351;5126.320;112.230;7.510;159.93;54;0.0516;136;0.000271984;60;1.1374;3.42840;7.5423;114.66;9999.00;
16/06/2019 17:44:21.823;100;-12837.351;5126.320;117.099;7.442;146.71;52;0.0258;133;0.000262816;61;1.2408;3.42887;7.4471;118.15;9999.00;
16/06/2019 17:44:51.829;100;-12837.351;5126.320;119.640;7.414;141.56;52;0.0258;136;0.000271984;59;1.0340;3.42854;7.4149;122.20;9999.00;
16/06/2019 17:45:21.835;100;-12837.351;5126.320;124.784;7.351;134.52;55;0.0645;150;0.000314768;64;1.5510;3.42706;7.3600;125.89;9999.00;
16/06/2019 17:45:51.842;100;-12837.351;5126.320;127.452;7.227;124.32;55;0.0645;168;0.000369776;61;1.2408;3.42469;7.2403;130.04;9999.00;
16/06/2019 17:46:21.848;100;-12837.351;5126.320;132.257;7.209;121.93;58;0.1032;164;0.000357552;61;1.2408;3.42527;7.2177;133.47;9999.00;
16/06/2019 17:46:51.853;100;-12837.351;5126.320;134.607;7.091;115.45;54;0.0516;148;0.000308656;62;1.3442;3.42095;7.0917;137.28;9999.00;
16/06/2019 17:47:21.861;100;-12837.351;5126.320;139.285;6.831;105.51;53;0.0387;156;0.000333104;60;1.1374;3.41520;6.9214;140.58;9999.00;
16/06/2019 17:47:51.867;100;-12837.351;5126.320;141.593;6.713;100.71;54;0.0516;154;0.000326992;61;1.2408;3.40354;6.7274;144.06;9999.00;
16/06/2019 17:48:21.874;100;-12837.351;5126.320;145.488;6.662;97.43;53;0.0387;162;0.000351440;63;1.4476;3.39978;6.6667;146.96;9999.00;
16/06/2019 17:48:51.881;100;-12837.351;5126.320;147.541;6.599;95.89;51;0.0129;154;0.000326992;62;1.3442;3.39622;6.5996;150.11;9999.00;
16/06/2019 17:49:21.888;100;-12837.351;5126.320;151.478;6.536;94.93;52;0.0258;147;0.000305600;62;1.3442;3.39313;6.5397;152.94;9999.00;
16/06/2019 17:49:51.894;100;-12837.351;5126.320;153.130;6.414;94.98;55;0.0645;188;0.000430896;63;1.4476;3.38469;6.4132;155.72;9999.00;
16/06/2019 17:50:21.901;100;-12837.351;5126.320;156.643;6.370;95.57;56;0.0774;123;0.000232256;63;1.4476;3.38246;6.3813;158.22;9999.00;
16/06/2019 17:50:51.909;100;-12837.351;5126.320;158.464;6.258;93.83;54;0.0516;146;0.000302544;61;1.2408;3.37339;6.2613;161.21;9999.00;
16/06/2019 17:51:21.915;100;-12837.351;5126.320;162.295;6.143;87.38;54;0.0516;149;0.000311712;62;1.3442;3.36403;6.1487;163.91;9999.00;
16/06/2019 17:51:51.923;100;-12837.351;5126.320;164.200;6.128;86.70;53;0.0387;151;0.000317824;63;1.4476;3.36225;6.1285;167.04;9999.00;
16/06/2019 17:52:21.929;100;-12837.351;5126.320;168.073;6.104;85.22;54;0.0516;179;0.000403392;62;1.3442;3.36048;6.1082;169.83;9999.00;
16/06/2019 17:52:51.934;100;-12837.351;5126.320;170.063;6.074;82.54;52;0.0258;191;0.000440064;61;1.2408;3.35795;6.0763;173.01;9999.00;
16/06/2019 17:53:21.943;100;-12837.351;5126.320;173.915;6.064;81.99;52;0.0258;203;0.000476736;62;1.3442;3.35734;6.0688;175.80;9999.00;
16/06/2019 17:53:51.950;100;-12837.351;5126.320;175.883;6.059;81.09;54;0.0516;235;0.000574528;64;1.5510;3.35677;6.0611;179.03;9999.00;
16/06/2019 17:54:21.957;100;-12837.351;5126.320;179.968;6.051;80.11;53;0.0387;339;0.000892352;64;1.5510;3.35615;6.0525;181.86;9999.00;
16/06/2019 17:54:51.963;100;-12837.351;5126.320;181.873;6.050;79.95;57;0.0903;345;0.000910688;63;1.4476;3.35626;6.0526;185.11;9999.00;
16/06/2019 17:55:21.970;100;-12837.351;5126.320;185.979;6.050;79.82;56;0.0774;311;0.000806784;64;1.5510;3.35636;6.0531;187.99;9999.00;
16/06/2019 17:55:51.977;100;-12837.351;5126.320;187.990;6.050;79.81;55;0.0645;355;0.000941248;62;1.3442;3.35649;6.0533;191.23;9999.00;
16/06/2019 17:56:21.985;100;-12837.351;5126.320;191.884;6.050;79.77;56;0.0774;325;0.000849568;63;1.4476;3.35660;6.0539;194.04;9999.00;
16/06/2019 17:56:51.992;118;-12837.351;5126.320;194.699;6.051;79.76;56;0.0774;327;0.000855680;63;1.4476;3.35666;6.0540;196.19;9999.00;
16/06/2019 17:57:22.000;118;-12837.351;5126.320;192.223;6.050;79.75;55;0.0645;365;0.000971808;60;1.1374;3.35647;6.0532;193.10;9999.00;
16/06/2019 17:57:52.006;118;-12837.351;5126.320;188.752;6.048;79.78;56;0.0774;289;0.000739552;65;1.6544;3.35612;6.0526;186.79;9999.00;
16/06/2019 17:58:22.013;117;-12837.351;5126.320;179.672;6.056;80.59;52;0.0258;249;0.000617312;58;0.9306;3.35616;6.0570;180.56;9999.00;
16/06/2019 17:58:52.019;117;-12837.351;5126.320;175.333;6.085;82.70;55;0.0645;332;0.000870960;62;1.3442;3.35785;6.0829;173.37;9999.00;
16/06/2019 17:59:22.026;117;-12837.351;5126.320;166.338;6.149;86.81;56;0.0774;148;0.000308656;63;1.4476;3.36075;6.1221;166.95;9999.00;
16/06/2019 17:59:52.043;117;-12837.351;5126.320;161.850;6.343;94.89;52;0.0258;135;0.000268928;60;1.1374;3.37793;6.3448;159.92;9999.00;
16/06/2019 18:00:22.049;117;-12837.351;5126.320;153.108;6.572;94.32;53;0.0387;154;0.000326992;63;1.4476;3.38966;6.5130;153.59;9999.00;
16/06/2019 18:00:52.058;117;-12837.351;5126.320;148.451;6.649;97.61;53;0.0387;164;0.000357552;61;1.2408;3.39739;6.6458;146.06;9999.00;
16/06/2019 18:01:22.064;117;-12837.351;5126.320;139.413;7.073;113.00;55;0.0645;148;0.000308656;62;1.3442;3.41892;7.0379;139.75;9999.00;
16/06/2019 18:01:52.072;117;-12837.351;5126.320;135.454;7.228;124.09;55;0.0645;150;0.000314768;60;1.1374;3.42186;7.2372;133.49;9999.00;
16/06/2019 18:02:22.206;117;-12837.351;5126.320;128.468;7.335;132.10;51;0.0129;135;0.000268928;61;1.2408;3.42452;7.3422;128.58;9999.00;
16/06/2019 18:02:52.213;117;-12837.351;5126.320;124.996;7.410;140.71;56;0.0774;138;0.000278096;61;1.2408;3.42769;7.4170;122.93;9999.00;
16/06/2019 18:03:22.219;117;-12837.351;5126.320;117.735;7.477;150.18;53;0.0387;152;0.000320880;59;1.0340;3.42832;7.4743;117.68;9999.00;
16/06/2019 18:03:52.225;117;-12837.351;5126.320;113.818;7.608;169.62;54;0.0516;136;0.000271984;61;1.2408;3.42329;7.6110;111.39;9999.00;
16/06/2019 18:04:22.231;117;-12837.351;5126.320;106.958;7.679;178.94;54;0.0516;130;0.000253648;59;1.0340;3.42118;7.6755;106.68;9999.00;
16/06/2019 18:04:52.249;117;-12837.351;5126.320;103.719;7.824;202.55;54;0.0516;126;0.000241424;61;1.2408;3.42401;7.8282;101.45;9999.00;
16/06/2019 18:05:22.256;117;-12837.351;5126.320;97.155;7.879;209.55;55;0.0645;130;0.000253648;63;1.4476;3.42341;7.8779;96.86;9999.00;
16/06/2019 18:05:52.262;117;-12837.351;5126.320;94.064;7.941;219.92;54;0.0516;117;0.000213920;61;1.2408;3.42274;7.9431;91.86;9999.00;
16/06/2019 18:06:22.267;117;-12837.351;5126.320;88.009;8.001;226.88;55;0.0645;124;0.000235312;59;1.0340;3.42144;8.0035;87.62;9999.00;
16/06/2019 18:06:52.273;117;-12837.351;5126.320;85.044;8.099;237.84;53;0.0387;126;0.000241424;61;1.2408;3.42046;8.0771;82.82;9999.00;
16/06/2019 18:07:22.280;117;-12837.351;5126.320;78.925;8.195;244.52;55;0.0645;121;0.000226144;61;1.2408;3.42143;8.1773;78.35;9999.00;
16/06/2019 18:07:52.286;117;-12837.351;5126.320;76.066;8.254;251.14;57;0.0903;128;0.000247536;61;1.2408;3.42294;8.2622;73.81;9999.00;
16/06/2019 18:08:22.295;117;-12837.351;5126.320;70.815;8.359;259.54;58;0.1032;202;0.000473680;62;1.3442;3.42373;8.3682;70.12;9999.00;
16/06/2019 18:08:52.303;117;-12837.351;5126.320;68.168;8.425;265.75;56;0.0774;149;0.000311712;60;1.1374;3.42407;8.4312;65.96;9999.00;
16/06/2019 18:09:22.314;117;-12837.351;5126.320;63.149;8.564;274.48;58;0.1032;128;0.000247536;61;1.2408;3.42721;8.5668;61.81;9999.00;
16/06/2019 18:09:52.321;117;-12837.351;5126.320;60.820;8.799;286.42;58;0.1032;153;0.000323936;63;1.4476;3.43879;8.8100;58.43;9999.00;
16/06/2019 18:10:22.329;117;-12837.351;5126.320;55.928;8.860;287.80;63;0.1677;145;0.000299488;60;1.1374;3.44275;8.8644;54.54;9999.00;
16/06/2019 18:10:52.336;117;-12837.351;5126.320;53.747;8.973;288.37;62;0.1548;153;0.000323936;63;1.4476;3.45071;8.9711;51.39;9999.00;
16/06/2019 18:11:22.447;117;-12837.351;5126.320;49.427;9.078;287.94;67;0.2193;152;0.000320880;62;1.3442;3.45948;9.0770;47.96;9999.00;
16/06/2019 18:11:52.454;117;-12837.351;5126.320;47.288;9.131;293.09;74;0.3096;165;0.000360608;62;1.3442;3.46159;9.1414;44.92;9999.00;
16/06/2019 18:12:22.462;117;-12837.351;5126.320;43.116;9.235;292.52;76;0.3354;162;0.000351440;62;1.3442;3.46884;9.2337;41.54;9999.00;
16/06/2019 18:12:52.470;117;-12837.351;5126.320;40.977;9.341;292.49;95;0.5805;175;0.000391168;60;1.1374;3.47668;9.3412;38.58;9999.00;
16/06/2019 18:13:22.477;117;-12837.351;5126.320;36.868;9.606;297.40;116;0.8514;177;0.000397280;60;1.1374;3.49626;9.6284;35.23;9999.00;
16/06/2019 18:13:52.484;117;-12837.351;5126.320;34.983;9.871;302.01;134;1.0836;187;0.000427840;66;1.7578;3.51715;9.8819;32.60;9999.00;
16/06/2019 18:14:22.491;117;-12837.351;5126.320;31.340;10.054;305.95;135;1.0965;207;0.000488960;64;1.5510;3.53121;10.0779;29.64;9999.00;
16/06/2019 18:14:52.497;117;-12837.351;5126.320;29.582;10.517;316.90;139;1.1481;173;0.000385056;60;1.1374;3.56542;10.5368;27.24;9999.00;
16/06/2019 18:15:22.506;117;-12837.351;5126.320;26.363;10.710;323.27;127;0.9933;169;0.000372832;61;1.2408;3.57872;10.7435;24.68;9999.00;
16/06/2019 18:15:52.522;117;-12837.351;5126.320;24.838;10.981;324.51;123;0.9417;162;0.000351440;61;1.2408;3.59517;10.9730;22.58;9999.00;
16/06/2019 18:16:22.529;117;-12837.351;5126.320;21.915;11.347;325.51;138;1.1352;176;0.000394224;65;1.6544;3.62852;11.4173;20.12;9999.00;
16/06/2019 18:16:52.537;117;-12837.351;5126.320;20.390;12.065;334.12;168;1.5222;243;0.000598976;63;1.4476;3.68393;12.0782;18.02;9999.00;
16/06/2019 18:17:22.542;117;-12837.351;5126.320;17.404;12.284;335.60;133;1.0707;264;0.000663152;65;1.6544;3.70666;12.3206;15.60;9999.00;
16/06/2019 18:17:52.551;117;-12837.351;5126.320;15.879;12.618;334.40;104;0.6966;267;0.000672320;60;1.1374;3.73369;12.6162;13.53;9999.00;
16/06/2019 18:18:22.558;117;-12837.351;5126.320;13.083;12.771;333.79;97;0.6063;258;0.000644816;60;1.1374;3.75039;12.7956;11.27;9999.00;
16/06/2019 18:18:52.565;117;-12837.351;5126.320;11.685;12.931;332.51;91;0.5289;255;0.000635648;57;0.8272;3.76512;12.9610;9.21;9999.00;
16/06/2019 18:19:22.572;117;-12837.351;5126.320;8.889;12.996;331.85;87;0.4773;256;0.000638704;55;0.6204;3.76974;13.0081;6.91;9999.00;
16/06/2019 18:19:52.579;117;-12837.351;5126.320;7.343;13.261;328.31;81;0.3999;260;0.000650928;48;-0.1034;3.79321;13.2865;4.85;9999.00;
16/06/2019 18:20:22.585;117;-12837.351;5126.320;4.632;13.308;328.27;73;0.2967;250;0.000620368;59;1.0340;3.79678;13.3221;2.54;9999.00;
